     0/499     0.38G    0.1311    0.0223         0    0.1534         6       640         0         0 0.0005318 0.0001102    0.1331   0.01929         0
     1/499     6.58G    0.1269   0.01877         0    0.1456         9       640         0         0 0.0006346 0.0001161    0.1288   0.01649         0
     2/499     6.58G    0.1209   0.01707         0    0.1379         6       640         0         0   0.00112  0.000241    0.1232   0.01575         0
     3/499     6.58G    0.1135   0.01655         0      0.13         4       640         0         0  0.004023 0.0008507    0.1178   0.01606         0
     4/499     6.58G     0.105   0.01659         0    0.1216         2       640         0         0  0.006463  0.001551    0.1035   0.01786         0
     5/499     6.58G   0.09588   0.01792         0    0.1138         5       640         0         0   0.01802  0.004231   0.08851   0.01989         0
     6/499     6.58G   0.08408   0.01971         0    0.1038         4       640         0         0   0.04968   0.01148   0.08092   0.02153         0
     7/499     6.58G   0.07844   0.02102         0   0.09945         8       640         0         0    0.1187   0.02738   0.07041   0.02232         0
     8/499     6.58G   0.06939   0.02349         0   0.09288        10       640         0         0    0.1484   0.03858   0.07266   0.02083         0
     9/499     6.58G   0.06327   0.02098         0   0.08426         5       640     0.611    0.6907     0.512    0.1585   0.07345   0.01908         0
    10/499     6.58G    0.0613    0.0194         0    0.0807         4       640     0.219    0.8351    0.4176    0.1019   0.07296   0.01722         0
    11/499     6.58G   0.05528   0.01825         0   0.07353         5       640    0.1473     0.866    0.5948    0.2418   0.04681     0.019         0
    12/499     6.58G   0.05335   0.01709         0   0.07045         6       640    0.1624    0.6907     0.206   0.03688   0.06374   0.01579         0
    13/499     6.58G   0.05404   0.01778         0   0.07181         3       640    0.1808    0.8763    0.4321   0.09995   0.06393   0.01568         0
    14/499     6.58G   0.05172   0.01699         0   0.06871         4       640    0.1445    0.8557    0.4332    0.1147   0.05402   0.01573         0
    15/499     6.58G   0.04942   0.01698         0    0.0664         5       640    0.1614    0.9175     0.583    0.2024   0.06534   0.01416         0
    16/499     6.58G   0.05139   0.01613         0   0.06752         7       640     0.204    0.9072    0.5399    0.1277   0.05059   0.01528         0
    17/499     6.58G   0.04726   0.01498         0   0.06224         3       640    0.2373    0.9381    0.7651    0.3691   0.04268   0.01503         0
    18/499     6.58G   0.04845   0.01431         0   0.06275         6       640    0.2492    0.9278    0.6503    0.1934   0.05499    0.0138         0
    19/499     6.58G   0.04632   0.01369         0   0.06001         5       640    0.2122    0.9485    0.6231    0.2202   0.04394     0.014         0
    20/499     6.58G   0.04566   0.01466         0   0.06032         7       640    0.2724    0.9794    0.8744    0.3599   0.04757   0.01274         0
    21/499     6.58G   0.04415   0.01464         0   0.05879        11       640    0.2144    0.9691    0.6796    0.2062   0.04849   0.01206         0
    22/499     6.58G   0.04541   0.01403         0   0.05944         9       640    0.2101    0.9897    0.7562    0.2502   0.05763   0.01144         0
    23/499     6.58G   0.04317   0.01266         0   0.05582         7       640    0.3006    0.9897    0.8511     0.354   0.03802   0.01174         0
    24/499     6.58G     0.043   0.01158         0   0.05457         2       640    0.3374    0.9175    0.6335    0.1518   0.05832   0.01047         0
    25/499     6.58G   0.04174   0.01156         0    0.0533         4       640    0.3252    0.9897    0.8908    0.3756   0.03887   0.01045         0
    26/499     6.58G    0.0401   0.01074         0   0.05083         3       640    0.2652    0.9897    0.8529    0.4453   0.04112   0.01066         0
    27/499     6.58G   0.04062   0.01047         0   0.05109         3       640    0.3038    0.9897    0.8625    0.3233   0.04352   0.01021         0
    28/499     6.58G   0.04246   0.01075         0   0.05321         6       640    0.4716    0.9897     0.972    0.5898   0.03718   0.01043         0
    29/499     6.58G   0.03846   0.01066         0   0.04912         5       640    0.3528    0.9897    0.8662    0.3712   0.03246   0.01006         0
    30/499     6.58G   0.03835   0.01026         0   0.04861         5       640    0.4268    0.9794     0.961    0.5376   0.03572  0.009521         0
    31/499     6.58G      0.04   0.01005         0   0.05005         7       640     0.465    0.9897    0.9733    0.5967   0.03473   0.00939         0
    32/499     6.58G   0.03763  0.009487         0   0.04711         5       640    0.3435    0.9897    0.9132    0.4802   0.04719  0.008409         0
    33/499     6.58G    0.0399  0.009467         0   0.04937         4       640    0.3366    0.9897      0.94    0.3921   0.04237  0.008892         0
    34/499     6.58G   0.03765  0.008798         0   0.04645         7       640    0.3006         1    0.8166    0.3889   0.03798  0.008568         0
    35/499     6.58G   0.03584  0.008143         0   0.04399         2       640    0.3365    0.9794    0.9275    0.4485   0.03964   0.00831         0
    36/499     6.58G   0.03612   0.00898         0    0.0451         8       640     0.417         1    0.8944    0.4709   0.03449  0.007854         0
    37/499     6.58G   0.03806  0.009134         0    0.0472         5       640    0.4392    0.9897    0.9699    0.6041   0.04241  0.007757         0
    38/499     6.58G    0.0362  0.009063         0   0.04527         8       640    0.5661         1    0.9925    0.6135   0.03079  0.007644         0
    39/499     6.58G   0.03359   0.00833         0   0.04192         7       640    0.3964         1    0.7942    0.3718   0.04117  0.007358         0
    40/499     6.58G   0.03511  0.007731         0   0.04284         5       640    0.5047         1    0.9847    0.5597   0.03239  0.007197         0
    41/499     6.58G   0.03389  0.008164         0   0.04206         5       640    0.4447         1    0.9916    0.6373   0.03305  0.007146         0
    42/499     6.58G   0.03264  0.007574         0   0.04021         6       640    0.4541         1      0.97    0.6123   0.02912  0.007348         0
    43/499     6.58G   0.03202  0.007279         0    0.0393         3       640    0.6226         1    0.9721    0.6223   0.02989  0.006864         0
    44/499     6.58G   0.03433  0.007077         0   0.04141         5       640    0.5282         1     0.965    0.3683   0.04388  0.006723         0
    45/499     6.58G   0.04096  0.007008         0   0.04797         7       640    0.5344         1    0.9414    0.4633   0.03825  0.008157         0
    46/499     6.59G   0.04387  0.008668         0   0.05253         5       640    0.5709         1    0.9857    0.6689   0.03329  0.008106         0
    47/499     6.59G   0.04594  0.008019         0   0.05396         4       640    0.7094    0.9897    0.9513    0.4227   0.03879  0.007647         0
    48/499     6.59G   0.04191  0.008037         0   0.04994         6       640    0.4486         1    0.9278     0.375   0.03482  0.007453         0
    49/499     6.59G   0.04131  0.008103         0   0.04941         6       640    0.6186         1    0.9696     0.512   0.03161  0.007736         0
    50/499     6.59G   0.04134  0.008167         0    0.0495         4       640    0.4299         1     0.982    0.6304   0.03807  0.006968         0
    51/499     6.59G   0.04152  0.007465         0   0.04898         4       640    0.7089         1    0.9942    0.6311   0.02779  0.007851         0
    52/499     6.59G   0.04132  0.007737         0   0.04906         6       640    0.8171         1     0.995    0.7119   0.02994  0.007906         0
    53/499     6.59G   0.03644  0.007331         0   0.04377         3       640    0.6684         1    0.9933    0.6561    0.0285  0.007312         0
    54/499     6.59G   0.03664  0.007418         0   0.04405         4       640    0.6581         1     0.992    0.6862    0.0283  0.006753         0
    55/499     6.59G   0.03779  0.007485         0   0.04528         5       640    0.6486         1    0.9951    0.6159   0.02781  0.006718         0
    56/499     6.59G   0.03701  0.006593         0    0.0436         3       640    0.6811    0.9897    0.9876    0.6431   0.03141  0.006718         0
    57/499     6.59G    0.0375  0.007343         0   0.04484         8       640    0.6806         1    0.9889    0.5513   0.03136  0.006718         0
    58/499     6.59G   0.03903  0.007157         0   0.04619         9       640    0.6087         1    0.9949    0.7037   0.02768  0.006634         0
    59/499     6.59G   0.03544  0.007228         0   0.04267         8       640    0.7214         1    0.9941    0.6493   0.03334  0.006404         0
    60/499     6.59G    0.0348  0.006741         0   0.04154         4       640    0.6405         1     0.993    0.7043   0.02976  0.005902         0
    61/499     6.59G   0.03504  0.006987         0   0.04203         7       640     0.684         1    0.9869    0.6002   0.02839   0.00603         0
    62/499     6.59G    0.0345   0.00696         0   0.04146         7       640    0.8789         1    0.9946    0.7192   0.02519   0.00617         0
    63/499     6.59G   0.03508  0.006934         0   0.04202         6       640     0.745         1     0.993    0.6752   0.02927  0.005901         0
    64/499     6.59G   0.03866  0.006654         0   0.04532         5       640    0.5399         1    0.9772    0.6833   0.03108  0.006327         0
    65/499     6.59G   0.03641  0.006554         0   0.04296         6       640    0.8403         1    0.9952    0.5745   0.03749  0.006259         0
    66/499     6.59G   0.03479  0.006323         0   0.04111         5       640    0.6418         1     0.983    0.5456   0.03172  0.006223         0
    67/499     6.59G   0.03675  0.006685         0   0.04344         3       640    0.7293         1    0.9945    0.5714   0.03264  0.006481         0
    68/499     6.59G   0.03283  0.006775         0   0.03961         5       640    0.6773         1    0.9952    0.6805   0.02823  0.005886         0
    69/499     6.59G   0.03445  0.006569         0   0.04102         3       640    0.7633         1    0.9947    0.6233   0.02884  0.006089         0
    70/499     6.59G   0.03406    0.0068         0   0.04086         6       640    0.7746         1    0.9933    0.7137   0.02607  0.005986         0
    71/499     6.59G   0.03176   0.00645         0   0.03821         2       640    0.8424         1    0.9925    0.6687   0.02926  0.005857         0
    72/499     6.59G   0.03392  0.006055         0   0.03997         4       640    0.8993         1    0.9953    0.6733   0.02639  0.005827         0
    73/499     6.59G   0.02966  0.005945         0   0.03561         5       640    0.8007         1    0.9953      0.69   0.02494  0.005536         0
    74/499     6.59G   0.03387   0.00597         0   0.03984         3       640    0.8859         1    0.9953    0.7312   0.02576  0.005774         0
    75/499     6.59G   0.02994  0.006106         0   0.03605         6       640     0.852         1    0.9952    0.6792   0.02472  0.005196         0
    76/499     6.59G   0.03016  0.005845         0   0.03601         7       640    0.9194         1    0.9873    0.6779   0.02624  0.005545         0
    77/499     6.59G   0.03109  0.006454         0   0.03754         3       640    0.8899         1    0.9953    0.6744   0.03253  0.005654         0
    78/499     6.59G   0.03076  0.005923         0   0.03669         1       640    0.8859         1    0.9953     0.664   0.02458   0.00539         0
    79/499     6.59G   0.03091  0.006367         0   0.03728         8       640    0.9088         1    0.9953    0.7071   0.02277  0.005457         0
    80/499     6.59G   0.02905  0.006358         0   0.03541         9       640    0.8075         1    0.9953    0.6892   0.02276   0.00558         0
    81/499     6.59G   0.02785  0.005616         0   0.03346         3       640    0.7781         1    0.9953     0.711   0.02482  0.005705         0
    82/499     6.59G   0.03112  0.006123         0   0.03725         9       640    0.9544         1    0.9954    0.7213   0.02074  0.005762         0
    83/499     6.59G   0.02811  0.005785         0    0.0339         4       640    0.9105         1    0.9954    0.6917   0.02429  0.005383         0
    84/499     6.59G   0.02811  0.005617         0   0.03373         4       640    0.9388         1    0.9953    0.7263   0.02093  0.005168         0
    85/499     6.59G   0.03099  0.005898         0   0.03689         3       640    0.8726         1    0.9954    0.6962   0.02428  0.005078         0
    86/499     6.59G   0.02909  0.005819         0   0.03491         4       640    0.8694         1    0.9953    0.7553   0.02217  0.005535         0
    87/499     6.59G   0.02768  0.005411         0   0.03309         2       640    0.8633         1    0.9953    0.6693   0.02769  0.005628         0
    88/499     6.59G   0.03094  0.005784         0   0.03672         6       640    0.8887    0.9897    0.9934    0.6548    0.0254  0.005746         0
    89/499     6.59G   0.03128  0.005887         0   0.03717         4       640    0.8233    0.9794    0.9906    0.6833   0.02476   0.00583         0
    90/499     6.59G   0.02753   0.00562         0   0.03315         6       640    0.8303         1    0.9947    0.7497   0.02293   0.00502         0
    91/499     6.59G   0.02682  0.005069         0   0.03189         3       640     0.921         1    0.9953    0.7064   0.02036  0.004943         0
    92/499     6.59G   0.02624   0.00577         0   0.03201         5       640      0.87    0.9794    0.9826    0.6766    0.0215  0.005311         0
    93/499     6.59G   0.02676  0.005227         0   0.03199         5       640    0.9065    0.9691    0.9763     0.712   0.02205  0.005389         0
    94/499     6.59G   0.02702  0.005483         0    0.0325         8       640    0.9387    0.9691      0.98    0.7139   0.02537  0.005467         0
    95/499     6.59G   0.02741  0.005539         0   0.03295         8       640    0.8787         1    0.9955    0.7422     0.023  0.004743         0
    96/499     6.59G   0.02598  0.005016         0     0.031         5       640    0.9376         1    0.9954    0.7618    0.0216  0.004594         0
    97/499     6.59G   0.02599  0.005248         0   0.03123         5       640    0.9469         1    0.9954    0.7587   0.01857  0.004424         0
    98/499     6.59G   0.02263  0.004781         0   0.02741         4       640    0.9461    0.9897     0.993    0.7701   0.01789  0.004429         0
    99/499     6.59G   0.02542  0.005193         0   0.03061         7       640    0.9551         1    0.9952    0.7354    0.0213  0.004462         0
   100/499     6.59G   0.02313  0.005001         0   0.02813         6       640    0.9398         1    0.9955    0.7898   0.01855  0.004221         0
   101/499     6.59G   0.02787  0.005248         0   0.03312         8       640    0.9616         1    0.9954    0.7681   0.02066  0.004752         0
   102/499     6.59G   0.02572   0.00534         0   0.03106         9       640    0.9555         1    0.9956    0.7546   0.02076   0.00444         0
   103/499     6.59G   0.02598  0.005174         0   0.03116         5       640    0.9254         1    0.9955    0.7379   0.01951  0.004482         0
   104/499     6.59G    0.0246  0.005487         0   0.03008         5       640     0.957    0.9897    0.9939    0.7818   0.01745  0.004754         0
   105/499     6.59G   0.02432  0.005021         0   0.02934         6       640    0.9835    0.9897    0.9928    0.7373   0.01914  0.004917         0
   106/499     6.59G   0.02428  0.004992         0   0.02927         3       640    0.8935         1    0.9955    0.7466   0.01791  0.004582         0
   107/499     6.59G   0.02402   0.00519         0   0.02921         5       640     0.944         1    0.9956    0.7301   0.01905  0.004445         0
   108/499     6.59G   0.02356  0.004725         0   0.02829         2       640     0.934         1    0.9957    0.7698   0.01766  0.004493         0
   109/499     6.59G   0.02578  0.004743         0   0.03052         7       640    0.9715         1    0.9957    0.6915   0.02113  0.004865         0
   110/499     6.59G    0.0249  0.005259         0   0.03016         7       640    0.9432         1    0.9957    0.7304    0.0194  0.004718         0
   111/499     6.59G    0.0242  0.005197         0    0.0294         7       640      0.93         1    0.9957    0.7635   0.01929  0.004547         0
   112/499     6.59G   0.02437  0.005129         0    0.0295         5       640    0.9632         1    0.9958    0.7548   0.01963  0.004644         0
   113/499     6.59G   0.02445  0.005563         0   0.03002         7       640     0.935         1    0.9958    0.7719   0.02116  0.004371         0
   114/499     6.59G   0.02327  0.004519         0   0.02779         4       640     0.917         1    0.9956    0.7666   0.01908  0.004298         0
   115/499     6.59G   0.02185   0.00489         0   0.02674         6       640    0.9737         1    0.9957    0.7423   0.01818  0.004127         0
   116/499     6.59G   0.02407  0.005237         0   0.02931        10       640     0.973         1    0.9958    0.7852   0.01749   0.00454         0
   117/499     6.59G    0.0216  0.004858         0   0.02646         6       640    0.9705         1    0.9959    0.7822   0.01813  0.004322         0
   118/499     6.59G   0.02306  0.004388         0   0.02745         1       640    0.9542         1    0.9959     0.788   0.01703  0.004512         0
   119/499     6.59G   0.02397  0.004946         0   0.02891         6       640    0.9633         1    0.9959    0.7743     0.018  0.004395         0
   120/499     6.59G   0.02192  0.004868         0   0.02679         6       640     0.935         1    0.9959    0.8063   0.01552  0.004347         0
   121/499     6.59G   0.02033  0.004575         0   0.02491         4       640    0.9775         1    0.9959     0.782    0.0174  0.004241         0
   122/499     6.59G   0.02128  0.004365         0   0.02564         4       640    0.9819    0.9794    0.9945    0.7803   0.01755    0.0048         0
   123/499     6.59G   0.02144  0.004373         0   0.02581         4       640     0.953         1    0.9958    0.7705   0.01944  0.004198         0
   124/499     6.59G   0.02186  0.004676         0   0.02654         6       640    0.9305         1    0.9956    0.7904   0.01631  0.003969         0
   125/499     6.59G   0.02084  0.004402         0   0.02524         3       640    0.9566         1    0.9958    0.7867   0.01656  0.003898         0
   126/499     6.59G   0.02075  0.004372         0   0.02512         4       640    0.9809         1    0.9961    0.7892   0.01561  0.003955         0
   127/499     6.59G   0.02009  0.004796         0   0.02489         8       640    0.9861         1     0.996    0.8069   0.01584  0.004164         0
   128/499     6.59G   0.01957  0.004244         0   0.02382         4       640    0.9806         1     0.996    0.7995   0.01693  0.004034         0
   129/499     6.59G   0.01913  0.004587         0   0.02372         8       640    0.9869    0.9897    0.9887    0.7955   0.01714  0.004157         0
   130/499     6.59G      0.02  0.004429         0   0.02443         3       640    0.9806    0.9897    0.9891    0.8011   0.01685  0.004129         0
   131/499     6.59G   0.02116  0.004366         0   0.02552         7       640    0.9963         1    0.9962    0.7429   0.01844  0.004109         0
   132/499     6.59G   0.01985  0.004551         0    0.0244         8       640    0.9719         1     0.996    0.7979   0.01618  0.003894         0
   133/499     6.59G   0.02451  0.004237         0   0.02875         2       640    0.9897    0.9897    0.9958    0.7511   0.01903   0.00444         0
   134/499     6.59G   0.01997  0.004556         0   0.02453         4       640    0.9499         1    0.9959    0.8125   0.01765  0.004223         0
   135/499     6.59G    0.0195  0.004444         0   0.02394         3       640    0.9332         1    0.9957    0.8079   0.01534  0.004029         0
   136/499     6.59G   0.02146  0.004268         0   0.02573         5       640    0.8973         1    0.9957    0.7896   0.01603  0.004594         0
   137/499     6.59G   0.02095  0.004307         0   0.02525         3       640    0.8812         1    0.9957    0.7972   0.01722  0.004609         0
   138/499     6.59G   0.02012   0.00429         0   0.02441         5       640    0.9019         1    0.9957     0.779    0.0168  0.004357         0
   139/499     6.59G   0.01931  0.004521         0   0.02383         4       640    0.9478         1    0.9959    0.8016    0.0154  0.004269         0
   140/499     6.59G   0.02009  0.004658         0   0.02475         8       640    0.9658         1    0.9962    0.8135   0.01519  0.004485         0
   141/499     6.59G   0.01916  0.004478         0   0.02364         5       640    0.8809         1    0.9963    0.8022   0.01515   0.00424         0
   142/499     6.59G   0.01912  0.003969         0   0.02309         1       640    0.9385         1    0.9961    0.7882   0.02067  0.004446         0
   143/499     6.59G   0.01903  0.004388         0   0.02342         4       640    0.9805         1    0.9962    0.7987   0.01699  0.004308         0
   144/499     6.59G   0.02009  0.004379         0   0.02447         9       640    0.9672         1    0.9961    0.7997   0.01799  0.004109         0
   145/499     6.59G   0.01902  0.003927         0   0.02294         3       640    0.9696         1    0.9962    0.8022   0.01682  0.004043         0
   146/499     6.59G   0.01916   0.00427         0   0.02343         3       640    0.9797         1    0.9961    0.8313   0.01546  0.004109         0
   147/499     6.59G   0.01969  0.004413         0    0.0241         5       640    0.9844         1    0.9959    0.7894   0.01564  0.004024         0
   148/499     6.59G   0.01971  0.004218         0   0.02393         5       640    0.9889         1    0.9958     0.789   0.01565  0.004081         0
   149/499     6.59G   0.01825  0.004003         0   0.02225         4       640    0.9586         1    0.9959    0.7815   0.01506  0.003741         0
   150/499     6.59G   0.01908  0.004247         0   0.02333         6       640    0.9826         1    0.9957    0.7951   0.01722  0.004257         0
   151/499     6.59G   0.01858  0.004734         0   0.02332         8       640    0.9814         1    0.9957     0.785   0.01689   0.00464         0
   152/499     6.59G   0.01882  0.004199         0   0.02302         3       640    0.9818         1    0.9958    0.7942   0.01602  0.003995         0
   153/499     6.59G   0.01821  0.004198         0    0.0224         4       640    0.9774         1    0.9959     0.805   0.01433  0.003716         0
   154/499     6.59G   0.01882   0.00398         0    0.0228         5       640    0.9869         1     0.996    0.8127   0.01633  0.003818         0
   155/499     6.59G   0.01874  0.004202         0   0.02295         6       640     0.985         1    0.9961    0.8031   0.01592   0.00396         0
   156/499     6.59G   0.01933  0.004318         0   0.02365         4       640    0.9737         1    0.9962    0.8125   0.01654  0.003846         0
   157/499     6.59G   0.01773   0.00413         0   0.02186         5       640    0.9906         1    0.9962    0.7963   0.01682  0.004236         0
   158/499     6.59G   0.01952    0.0041         0   0.02362         4       640    0.9839         1    0.9959    0.7775   0.01752  0.004274         0
   159/499     6.59G   0.02092  0.004698         0   0.02562         6       640    0.9904         1     0.996     0.783   0.01701  0.004137         0
   160/499     6.59G     0.019  0.003862         0   0.02286         2       640    0.9928         1    0.9963    0.8081   0.01519  0.003974         0
   161/499     6.59G   0.01749  0.003801         0   0.02129         7       640    0.9932         1    0.9964    0.7978   0.01483   0.00411         0
   162/499     6.59G   0.01652  0.003975         0   0.02049         7       640    0.9775         1     0.996    0.7944   0.01521  0.003972         0
   163/499     6.59G   0.01915    0.0043         0   0.02345         5       640    0.9906         1    0.9962    0.7922   0.01515  0.003878         0
   164/499     6.59G   0.01879  0.004242         0   0.02303         7       640    0.9397         1    0.9961    0.8051   0.01516  0.003849         0
   165/499     6.59G   0.01665  0.003987         0   0.02063         7       640    0.9495         1    0.9961    0.8193   0.01295  0.003793         0
   166/499     6.59G   0.01769  0.004121         0   0.02181         7       640    0.9891    0.9897    0.9929    0.8107   0.01497  0.004125         0
   167/499     6.59G   0.01708  0.004069         0   0.02115         4       640    0.9913         1    0.9962    0.8166   0.01414  0.004123         0
   168/499     6.59G   0.01808  0.003873         0   0.02195         3       640    0.9888         1    0.9962    0.8005   0.01491  0.004083         0
   169/499     6.59G   0.01608  0.003808         0   0.01989         8       640    0.9857         1    0.9961    0.8046   0.01552  0.003855         0
   170/499     6.59G   0.01818  0.004094         0   0.02228         7       640    0.9905         1    0.9961    0.8075   0.01406  0.003966         0
   171/499     6.59G    0.0166  0.003903         0   0.02051         6       640      0.99         1    0.9963    0.8207   0.01321   0.00377         0
   172/499     6.59G   0.01739  0.003748         0   0.02114         4       640    0.9907         1    0.9964    0.8142   0.01672  0.003976         0
   173/499     6.59G   0.01932   0.00405         0   0.02337         5       640    0.9835         1    0.9964    0.8055   0.01522  0.004242         0
   174/499     6.59G   0.01847  0.003955         0   0.02242         5       640    0.9899         1    0.9962    0.8137   0.01395  0.004058         0
   175/499     6.59G   0.01633   0.00427         0    0.0206         9       640    0.9902         1     0.996    0.8098   0.01294  0.004046         0
   176/499     6.59G   0.01816  0.004386         0   0.02254         5       640    0.9852         1    0.9959    0.8009   0.01549    0.0039         0
   177/499     6.59G   0.01885  0.004115         0   0.02296         7       640    0.9828         1     0.996    0.8008   0.01403  0.004129         0
   178/499     6.59G   0.01793  0.004051         0   0.02198         7       640    0.9698    0.9923    0.9958    0.8172   0.01372  0.004259         0
   179/499     6.59G   0.01717  0.004174         0   0.02134         7       640    0.9906         1    0.9961    0.8141   0.01438  0.003933         0
   180/499     6.59G   0.01673  0.004208         0   0.02094         7       640    0.9955         1    0.9963    0.8282   0.01516  0.003849         0
   181/499     6.59G   0.01678  0.003903         0   0.02069         6       640    0.9645         1     0.996    0.8048   0.01443  0.004157         0
   182/499     6.59G   0.01614  0.003552         0   0.01969         2       640    0.9907         1    0.9962    0.8309   0.01296  0.003666         0
   183/499     6.59G   0.01584  0.003567         0    0.0194         4       640    0.9898         1    0.9959    0.8284   0.01303  0.003691         0
   184/499     6.59G   0.01591   0.00358         0   0.01949         3       640    0.9692         1     0.996     0.818   0.01435  0.003536         0
   185/499     6.59G    0.0167  0.003484         0   0.02019         3       640    0.9782         1    0.9961    0.8138   0.01532   0.00361         0
   186/499     6.59G    0.0174  0.003862         0   0.02126         6       640    0.9716         1    0.9963      0.82   0.01505  0.003699         0
   187/499     6.59G   0.01655  0.003883         0   0.02043         4       640    0.9899         1    0.9962    0.8119     0.013  0.003596         0
   188/499     6.59G    0.0156  0.003803         0    0.0194         7       640    0.9906         1    0.9964    0.8061   0.01514  0.003737         0
   189/499     6.59G   0.01646  0.003951         0   0.02042         4       640    0.9903         1    0.9965    0.8242   0.01394   0.00368         0
   190/499     6.59G   0.01518  0.003691         0   0.01887         4       640     0.982         1    0.9965    0.8235   0.01464   0.00355         0
   191/499     6.59G   0.01635  0.003784         0   0.02013         3       640    0.9899         1    0.9965    0.8209   0.01339  0.003465         0
   192/499     6.59G   0.01659   0.00402         0   0.02061         6       640    0.9827         1    0.9966    0.8338   0.01337  0.003565         0
   193/499     6.59G   0.01645   0.00387         0   0.02031         8       640    0.9879         1    0.9965    0.8235   0.01566  0.003704         0
   194/499     6.59G   0.01618  0.003558         0   0.01974         2       640    0.9676         1    0.9964    0.8242   0.01567  0.003703         0
   195/499     6.59G   0.01697  0.003808         0   0.02077         4       640    0.9749         1    0.9964     0.824   0.01364  0.003732         0
   196/499     6.59G   0.01681  0.003784         0   0.02059         5       640    0.9149         1    0.9962    0.8236   0.01334  0.003595         0
   197/499     6.59G   0.01776   0.00388         0   0.02163         7       640    0.9642         1     0.996    0.8063   0.01401  0.003723         0
   198/499     6.59G   0.01503  0.003622         0   0.01865         3       640      0.99         1    0.9961    0.8227     0.013  0.003941         0
   199/499     6.59G   0.01599  0.004077         0   0.02007         9       640    0.9814    0.9897     0.996    0.8248   0.01343  0.003994         0
   200/499     6.59G   0.01666  0.003842         0    0.0205         5       640    0.9629         1    0.9964    0.8081   0.01411  0.003805         0
   201/499     6.59G   0.01528  0.003848         0   0.01913         9       640    0.9733         1    0.9967    0.8195    0.0132  0.003599         0
   202/499     6.59G   0.01507  0.003515         0   0.01858         4       640    0.9572         1    0.9964    0.8237   0.01373  0.003557         0
   203/499     6.59G   0.01613  0.003766         0   0.01989         6       640    0.9482         1    0.9964     0.803   0.01329  0.003809         0
   204/499     6.59G   0.01524  0.003603         0   0.01885         3       640    0.9899         1    0.9965    0.8326   0.01376  0.003657         0
   205/499     6.59G   0.01509  0.003696         0   0.01879         7       640    0.9901         1    0.9966    0.8267   0.01395  0.003749         0
   206/499     6.59G   0.01465  0.003626         0   0.01827         5       640     0.972         1    0.9965    0.8205   0.01401   0.00366         0
   207/499     6.59G   0.01517  0.003562         0   0.01874         3       640    0.9703         1    0.9965    0.8124   0.01409  0.003618         0
   208/499     6.59G   0.01522  0.003524         0   0.01874         4       640    0.9713         1    0.9964    0.8319   0.01274  0.003744         0
   209/499     6.59G   0.01509  0.003474         0   0.01856         5       640    0.9794         1    0.9964    0.8381   0.01294   0.00363         0
   210/499     6.59G   0.01457  0.003347         0   0.01791         2       640       0.9         1    0.9964     0.829   0.01314  0.003585         0
   211/499     6.59G   0.01628  0.003425         0    0.0197         3       640    0.8786         1    0.9964    0.8207   0.01247  0.003398         0
   212/499     6.59G   0.01641  0.003714         0   0.02013         7       640    0.8943         1    0.9962    0.8214   0.01322  0.003676         0
   213/499     6.59G   0.01553  0.003763         0    0.0193         6       640    0.9283         1    0.9963    0.8276   0.01286  0.003626         0
   214/499     6.59G   0.01452  0.003401         0   0.01792         6       640     0.904         1    0.9963    0.8246   0.01354  0.003511         0
   215/499     6.59G   0.01404  0.003393         0   0.01743         5       640    0.9037         1    0.9963    0.8289   0.01268  0.003493         0
   216/499     6.59G   0.01467  0.003101         0   0.01777         4       640     0.912         1    0.9964     0.813     0.014  0.003553         0
   217/499     6.59G   0.01648  0.003523         0   0.02001         4       640    0.9421         1    0.9962    0.8299   0.01289  0.003378         0
   218/499     6.59G   0.01555  0.004123         0   0.01968         9       640      0.95         1    0.9962    0.8272   0.01368  0.003476         0
   219/499     6.59G   0.01473  0.003801         0   0.01853         7       640     0.894         1    0.9962    0.8287    0.0137  0.003582         0
   220/499     6.59G   0.01424  0.003751         0   0.01799         7       640    0.8854         1    0.9961    0.8076   0.01384  0.003701         0
   221/499     6.59G    0.0139  0.003552         0   0.01745         5       640    0.8905         1     0.996    0.8021   0.01389  0.003628         0
   222/499     6.59G    0.0137  0.003458         0   0.01716         2       640    0.8984         1     0.996    0.8131   0.01304  0.003533         0
   223/499     6.59G   0.01492  0.003619         0   0.01854         6       640    0.9306         1    0.9962    0.8171   0.01379  0.003795         0
   224/499     6.59G     0.015  0.003452         0   0.01846         2       640     0.967         1    0.9962    0.8245   0.01346  0.003652         0
   225/499     6.59G   0.01303   0.00392         0   0.01695        10       640    0.9731         1    0.9962    0.8263    0.0129  0.003627         0
   226/499     6.59G   0.01609  0.003433         0   0.01953         4       640    0.9903         1    0.9963    0.8163   0.01433   0.00364         0
   227/499     6.59G   0.01537  0.003554         0   0.01893         2       640    0.9905         1    0.9964    0.8177    0.0132  0.003765         0
   228/499     6.59G   0.01369  0.003656         0   0.01735         6       640    0.9901         1    0.9964    0.8237    0.0138  0.003508         0
   229/499     6.59G   0.01406  0.003634         0   0.01769         4       640    0.9792         1    0.9963    0.8215   0.01236  0.003527         0
   230/499     6.59G   0.01425  0.003569         0   0.01782         4       640    0.9767         1    0.9964     0.817   0.01301   0.00355         0
   231/499     6.59G    0.0139  0.003459         0   0.01735         7       640    0.9876         1    0.9964    0.8197   0.01336    0.0035         0
   232/499     6.59G   0.01495  0.003461         0   0.01841         3       640    0.9899         1    0.9966    0.8161   0.01311  0.003574         0
   233/499     6.59G   0.01393  0.003798         0   0.01772         7       640    0.9903         1    0.9965    0.8031   0.01295  0.003714         0
   234/499     6.59G   0.01286  0.003265         0   0.01613         6       640    0.9904         1    0.9966    0.8306   0.01281  0.003554         0
   235/499     6.59G   0.01448  0.003735         0   0.01821         9       640    0.9903         1    0.9966    0.8169   0.01295  0.003683         0
   236/499     6.59G   0.01438  0.003538         0   0.01792         9       640    0.9904         1    0.9966    0.8286   0.01272  0.003588         0
   237/499     6.59G   0.01404  0.003416         0   0.01746         4       640    0.9585         1    0.9964    0.8217   0.01397  0.003617         0
   238/499     6.59G   0.01332  0.003429         0   0.01675         8       640     0.971         1    0.9965     0.829   0.01332  0.003584         0
   239/499     6.59G   0.01334  0.003098         0   0.01644         1       640    0.9904         1    0.9966    0.8283    0.0131  0.003421         0
   240/499     6.59G    0.0137  0.003499         0    0.0172         6       640    0.9906         1    0.9971    0.8239   0.01406  0.003711         0
   241/499     6.59G   0.01465  0.003198         0   0.01785         5       640    0.9821         1    0.9968     0.829   0.01319  0.003474         0
   242/499     6.59G   0.01233  0.003278         0   0.01561         4       640    0.8926         1    0.9964      0.82   0.01342  0.003561         0
   243/499     6.59G   0.01349  0.003576         0   0.01707         6       640    0.8893         1    0.9964    0.8176   0.01353  0.003558         0
   244/499     6.59G    0.0122  0.003306         0    0.0155         3       640    0.9434         1    0.9967     0.814   0.01349  0.003418         0
   245/499     6.59G   0.01277  0.003224         0     0.016         1       640    0.9708         1    0.9968    0.8083   0.01403  0.003332         0
   246/499     6.59G   0.01309  0.003108         0    0.0162         4       640    0.9748         1    0.9967    0.8305   0.01311  0.003353         0
   247/499     6.59G   0.01234  0.003209         0   0.01555         4       640    0.9766         1    0.9964    0.8208   0.01307  0.003516         0
   248/499     6.59G   0.01387  0.003275         0   0.01715         6       640    0.9904         1    0.9966    0.8262   0.01366  0.003567         0
   249/499     6.59G   0.01361  0.003438         0   0.01705         9       640    0.9904         1    0.9968     0.833   0.01209  0.003251         0
   250/499     6.59G   0.01231  0.003402         0   0.01571         6       640    0.9848         1    0.9967    0.8271   0.01279  0.003249         0
   251/499     6.59G   0.01337  0.003376         0   0.01675         6       640    0.9732         1    0.9967     0.827   0.01294  0.003423         0
   252/499     6.59G   0.01314  0.003318         0   0.01646         5       640    0.9478         1    0.9966    0.8308    0.0135  0.003779         0
   253/499     6.59G   0.01331  0.003206         0   0.01652         4       640    0.9147         1    0.9964    0.7992   0.01332  0.003686         0
   254/499     6.59G   0.01417  0.003349         0   0.01752         3       640    0.9677         1    0.9964    0.8048   0.01367  0.003722         0
   255/499     6.59G   0.01488  0.003406         0   0.01828         3       640    0.9482         1    0.9965    0.8085   0.01325   0.00376         0
   256/499     6.59G    0.0138  0.003112         0   0.01691         4       640    0.8971         1    0.9964    0.8184   0.01325  0.003666         0
   257/499     6.59G   0.01249   0.00336         0   0.01585         5       640    0.9605         1    0.9965    0.8184   0.01544  0.003798         0
   258/499     6.59G   0.01382  0.003278         0    0.0171         3       640     0.961         1    0.9965    0.8256   0.01414  0.003604         0
   259/499     6.59G   0.01261   0.00342         0   0.01603         6       640    0.8866         1    0.9966    0.8285   0.01293  0.003452         0
   260/499     6.59G   0.01259  0.003318         0   0.01591         4       640    0.9015         1    0.9965    0.8222   0.01367  0.003284         0
   261/499     6.59G   0.01388  0.003384         0   0.01727         7       640     0.888         1    0.9965    0.8219   0.01269  0.003156         0
   262/499     6.59G   0.01344  0.003537         0   0.01697         6       640    0.9441         1    0.9966    0.8222   0.01271  0.003539         0
   263/499     6.59G   0.01272  0.003275         0   0.01599         4       640    0.9621         1    0.9967      0.83   0.01302  0.003502         0
   264/499     6.59G   0.01413   0.00334         0   0.01747         6       640    0.9656         1    0.9968    0.8357   0.01268  0.003288         0
   265/499     6.59G   0.01259  0.003431         0   0.01602         6       640    0.9918         1    0.9968    0.8313    0.0124  0.003278         0
   266/499     6.59G   0.01356  0.003207         0   0.01676         6       640    0.9901         1    0.9968    0.8312   0.01229   0.00334         0
   267/499     6.59G   0.01455  0.003358         0   0.01791         7       640    0.9842         1    0.9968    0.8291   0.01321  0.003426         0
   268/499     6.59G    0.0143  0.003594         0    0.0179         7       640     0.994         1    0.9968    0.8298   0.01337  0.003669         0
   269/499     6.59G   0.01217  0.003547         0   0.01571        10       640    0.9887         1    0.9967    0.8248   0.01282  0.003582         0
   270/499     6.59G    0.0119   0.00311         0   0.01501         4       640    0.9905         1    0.9967    0.8323   0.01228  0.003587         0
   271/499     6.59G   0.01219  0.003114         0   0.01531         4       640    0.9905         1    0.9966    0.8243   0.01273  0.003768         0
   272/499     6.59G   0.01246  0.003159         0   0.01562         3       640    0.9722         1    0.9965    0.8235   0.01241  0.003473         0
   273/499     6.59G   0.01284  0.003514         0   0.01635         6       640    0.9667         1    0.9966    0.8229   0.01403   0.00352         0
   274/499     6.59G   0.01405  0.003379         0   0.01743         5       640    0.9767         1    0.9969    0.8245   0.01349  0.003513         0
   275/499     6.59G   0.01171  0.003236         0   0.01495         6       640    0.9898         1     0.997     0.826   0.01247  0.003651         0
   276/499     6.59G   0.01166  0.003106         0   0.01477         8       640    0.9828         1     0.997     0.827   0.01251  0.003631         0
   277/499     6.59G   0.01272  0.003278         0   0.01599         6       640    0.9903         1     0.997      0.83   0.01358  0.003939         0
   278/499     6.59G   0.01179  0.003135         0   0.01492         8       640    0.9901         1    0.9967    0.8244   0.01303  0.003923         0
   279/499     6.59G    0.0131  0.002793         0   0.01589         4       640    0.9893         1    0.9968    0.8107   0.01393  0.003904         0
   280/499     6.59G   0.01324  0.003252         0   0.01649         6       640    0.9909         1    0.9968    0.8171   0.01423  0.004034         0
   281/499     6.59G    0.0124  0.003386         0   0.01578         4       640    0.9836         1    0.9967    0.8271   0.01319  0.003683         0
   282/499     6.59G   0.01202  0.003071         0    0.0151         7       640    0.9899         1    0.9966    0.8353   0.01267  0.003633         0
   283/499     6.59G   0.01258  0.003235         0   0.01582         4       640    0.9904         1    0.9968    0.8343   0.01212   0.00337         0
   284/499     6.59G   0.01227  0.003125         0    0.0154         7       640    0.9907         1     0.997    0.8318   0.01349  0.003309         0
   285/499     6.59G   0.01182   0.00309         0   0.01491         3       640    0.9906         1    0.9967    0.8289   0.01227  0.003204         0
   286/499     6.59G   0.01202  0.002983         0     0.015         4       640    0.9895         1    0.9968    0.8237   0.01269    0.0033         0
   287/499     6.59G   0.01296  0.003205         0   0.01616         8       640    0.9346         1    0.9967    0.8298    0.0129  0.003393         0
   288/499     6.59G   0.01111  0.003053         0   0.01416         4       640     0.914         1    0.9968    0.8289   0.01263  0.003727         0
   289/499     6.59G   0.01206  0.003064         0   0.01513         6       640    0.8865         1    0.9968    0.8298   0.01261  0.003788         0
   290/499     6.59G   0.01231  0.002868         0   0.01518         2       640    0.8844         1    0.9967    0.8317   0.01273    0.0039         0
   291/499     6.59G   0.01245  0.003037         0   0.01548         6       640    0.8889         1    0.9966    0.8155   0.01296  0.004056         0
   292/499     6.59G   0.01296  0.003594         0   0.01655        10       640    0.9375         1    0.9966    0.8192   0.01421  0.003656         0
   293/499     6.59G   0.01134  0.003577         0   0.01492         9       640    0.9698         1    0.9966    0.8284   0.01313    0.0036         0
   294/499     6.59G   0.01065  0.002782         0   0.01343         3       640    0.9003         1    0.9966    0.8231   0.01299  0.003579         0
   295/499     6.59G   0.01217   0.00333         0   0.01549         8       640    0.8865         1    0.9965    0.8134   0.01329  0.003522         0
   296/499     6.59G   0.01212  0.003012         0   0.01513         5       640    0.9053         1    0.9966    0.8141   0.01333  0.003624         0
   297/499     6.59G   0.01188  0.003069         0   0.01495         6       640    0.9508         1    0.9966     0.815   0.01283  0.003628         0
   298/499     6.59G   0.01158  0.003161         0   0.01474         5       640    0.9906         1    0.9968    0.8285   0.01264  0.003368         0
   299/499     6.59G   0.01123  0.003082         0   0.01431         5       640    0.9906         1    0.9968    0.8372   0.01259  0.003399         0
   300/499     6.59G   0.01142  0.002882         0   0.01431         5       640    0.9907         1    0.9968    0.8359   0.01287  0.003595         0
   301/499     6.59G   0.01124  0.003052         0   0.01429         4       640    0.9907         1    0.9968    0.8341   0.01376  0.003678         0
   302/499     6.59G   0.01159  0.003063         0   0.01465         6       640    0.9906         1    0.9969    0.8256   0.01393  0.003963         0
   303/499     6.59G   0.01102  0.003025         0   0.01404        10       640    0.9906         1    0.9968    0.8165   0.01326  0.003596         0
   304/499     6.59G   0.01061  0.002979         0   0.01358         5       640    0.9903         1    0.9967     0.819   0.01249  0.003455         0
   305/499     6.59G   0.01124  0.002971         0   0.01421         6       640    0.9899         1    0.9966    0.8227   0.01346  0.003458         0
   306/499     6.59G   0.01081  0.003155         0   0.01396         8       640      0.99         1    0.9967    0.8249   0.01337  0.003797         0
   307/499     6.59G   0.01131  0.003025         0   0.01434         7       640    0.9903         1    0.9968    0.8327   0.01349   0.00402         0
   308/499     6.59G   0.01086  0.002843         0   0.01371         4       640    0.9905         1     0.997    0.8203   0.01379  0.004129         0
   309/499     6.59G   0.01103  0.002957         0   0.01399         5       640    0.9905         1    0.9969    0.8266   0.01421  0.004019         0
   310/499     6.59G   0.01174  0.003151         0   0.01489         6       640    0.9905         1    0.9967    0.8285     0.014  0.003739         0
   311/499     6.59G    0.0114  0.002768         0   0.01417         3       640    0.9905         1    0.9966    0.8335   0.01319  0.003938         0
   312/499     6.59G   0.01191  0.003026         0   0.01494         7       640    0.9905         1    0.9966      0.83   0.01321  0.003988         0
   313/499     6.59G   0.01076    0.0029         0   0.01366         3       640    0.9906         1    0.9967    0.8276   0.01314  0.003611         0
   314/499     6.59G   0.01021  0.002679         0   0.01289         6       640    0.9906         1    0.9967    0.8243   0.01326  0.003747         0
   315/499     6.59G   0.01008  0.002891         0   0.01297         6       640    0.9913         1    0.9967    0.8291   0.01306  0.003772         0
   316/499     6.59G   0.01091  0.002831         0   0.01374         3       640    0.9913         1    0.9968     0.828   0.01328  0.003803         0
   317/499     6.59G   0.01111  0.003025         0   0.01413         7       640    0.9911         1    0.9968     0.826    0.0135  0.003837         0
   318/499     6.59G   0.01276  0.003203         0   0.01597         7       640    0.9906         1    0.9969    0.8221   0.01292  0.003839         0
   319/499     6.59G  0.009869  0.003136         0   0.01301         8       640    0.9902         1    0.9968    0.8213   0.01274   0.00384         0
   320/499     6.59G   0.01038  0.003271         0   0.01365        11       640    0.9908         1    0.9969    0.8246   0.01311  0.003716         0
   321/499     6.59G   0.01077  0.003099         0   0.01387         8       640    0.9942         1    0.9971    0.8232   0.01363  0.003623         0
   322/499     6.59G   0.01096  0.002988         0   0.01395         3       640    0.9915         1    0.9973    0.8338   0.01329  0.003662         0
   323/499     6.59G   0.01069  0.003233         0   0.01392         7       640    0.9912         1    0.9972    0.8307   0.01388  0.003802         0
   324/499     6.59G   0.01131   0.00325         0   0.01456         7       640    0.9907         1     0.997    0.8297   0.01393  0.004027         0
   325/499     6.59G   0.00985     0.003         0   0.01285        10       640    0.9746         1    0.9969    0.8322    0.0134  0.003899         0
   326/499     6.59G   0.01057  0.002665         0   0.01324         4       640     0.959         1    0.9969    0.8245   0.01346   0.00371         0
   327/499     6.59G   0.01005  0.002655         0    0.0127         5       640    0.9587         1     0.997    0.8207   0.01333  0.003758         0
   328/499     6.59G   0.01032  0.002811         0   0.01313         7       640    0.9657         1     0.997    0.8254    0.0133  0.003916         0
   329/499     6.59G   0.01063  0.002684         0   0.01331         3       640    0.9728         1     0.997    0.8204   0.01349  0.004105         0
   330/499     6.59G   0.01002   0.00288         0    0.0129         8       640    0.9362         1     0.997    0.8326    0.0131  0.003993         0
   331/499     6.59G  0.009716  0.002987         0    0.0127         6       640    0.9406         1    0.9969    0.8321   0.01277  0.003742         0
   332/499     6.59G   0.01082  0.002869         0   0.01369         4       640     0.988         1    0.9969    0.8287   0.01325  0.003731         0
   333/499     6.59G   0.01087  0.002845         0   0.01371         8       640    0.9912         1    0.9969    0.8389   0.01305  0.003529         0
   334/499     6.59G  0.009924  0.002786         0   0.01271         4       640    0.9913         1    0.9968    0.8369   0.01321  0.003501         0
   335/499     6.59G    0.0105  0.002835         0   0.01333         3       640    0.9694         1    0.9967    0.8275   0.01308  0.003453         0
   336/499     6.59G   0.01001  0.002698         0   0.01271         2       640    0.9462         1    0.9965     0.824   0.01308  0.003665         0
   337/499     6.59G   0.01002  0.002971         0   0.01299         8       640     0.935         1    0.9964    0.8307   0.01294  0.003631         0
   338/499     6.59G   0.01004  0.003001         0   0.01304        10       640    0.9234         1    0.9964    0.8278   0.01321  0.003676         0
   339/499     6.59G  0.009666  0.003103         0   0.01277         9       640    0.9383         1    0.9967    0.8239   0.01336  0.003931         0
   340/499     6.59G   0.01016  0.002849         0   0.01301         6       640    0.9867         1    0.9969    0.8335   0.01291  0.003838         0
   341/499     6.59G   0.01017  0.002739         0   0.01291         5       640    0.9722         1    0.9968     0.829   0.01335  0.003836         0
   342/499     6.59G   0.01024  0.002894         0   0.01313         6       640    0.9904         1     0.997    0.8294   0.01314  0.003666         0
   343/499     6.59G  0.008995  0.002773         0   0.01177         6       640    0.9906         1     0.997    0.8321   0.01297  0.003433         0
   344/499     6.59G  0.009184  0.002809         0   0.01199         5       640    0.9913         1     0.997     0.829   0.01322  0.003496         0
   345/499     6.59G  0.009634  0.002624         0   0.01226         6       640     0.991         1    0.9968    0.8226    0.0135  0.003411         0
   346/499     6.59G    0.0102  0.002984         0   0.01318         7       640     0.991         1    0.9968    0.8264   0.01273  0.003343         0
   347/499     6.59G  0.009485  0.002768         0   0.01225         6       640    0.9927         1     0.997    0.8288   0.01293  0.003483         0
   348/499     6.59G  0.009923  0.002709         0   0.01263         7       640    0.9905    0.9897    0.9967    0.8349   0.01326  0.003733         0
   349/499     6.59G   0.01042  0.003011         0   0.01344         8       640    0.9905    0.9897    0.9955    0.8334   0.01372  0.003698         0
   350/499     6.59G  0.009944  0.002639         0   0.01258         5       640    0.9904    0.9897    0.9953    0.8425    0.0139  0.003703         0
   351/499     6.59G   0.01051  0.003044         0   0.01355         9       640    0.9904    0.9897    0.9971    0.8432   0.01294   0.00379         0
   352/499     6.59G   0.01007  0.002569         0   0.01264         4       640         1    0.9994    0.9973    0.8377   0.01304  0.003762         0
   353/499     6.59G   0.00955   0.00262         0   0.01217         4       640    0.9925         1    0.9972     0.846   0.01294  0.003498         0
   354/499     6.59G  0.009231  0.002766         0     0.012         6       640    0.9909         1     0.997    0.8348   0.01292   0.00337         0
   355/499     6.59G   0.01001   0.00262         0   0.01263         4       640    0.9905         1     0.997     0.831   0.01343  0.003664         0
   356/499     6.59G  0.009597  0.002658         0   0.01226         3       640    0.9906         1     0.997    0.8216   0.01402  0.003845         0
   357/499     6.59G  0.009037  0.002719         0   0.01176         4       640     0.991         1    0.9968    0.8208   0.01341  0.003749         0
   358/499     6.59G   0.01002  0.002821         0   0.01285         5       640    0.9908         1     0.997    0.8237   0.01304  0.003912         0
   359/499     6.59G  0.009038  0.002584         0   0.01162         5       640    0.9907         1    0.9969    0.8208   0.01382   0.00377         0
   360/499     6.59G   0.01006  0.002612         0   0.01267         4       640    0.9907         1    0.9969    0.8241   0.01358  0.003938         0
   361/499     6.59G   0.01036  0.002733         0   0.01309         7       640    0.9908         1    0.9969    0.8279   0.01431  0.003995         0
   362/499     6.59G   0.01031  0.002787         0   0.01309         5       640     0.991         1     0.997    0.8298   0.01384  0.003896         0
   363/499     6.59G  0.009588  0.002706         0   0.01229         5       640    0.9912         1    0.9969    0.8284   0.01346  0.003728         0
   364/499     6.59G   0.00938  0.002736         0   0.01212         6       640    0.9913         1    0.9968    0.8331   0.01358  0.003726         0
   365/499     6.59G  0.008865  0.002432         0    0.0113         6       640    0.9911         1    0.9967    0.8363   0.01301  0.003619         0
   366/499     6.59G   0.01034  0.002946         0   0.01328         6       640    0.9912         1    0.9967      0.83   0.01302  0.003674         0
   367/499     6.59G  0.008568  0.002685         0   0.01125         6       640    0.9909         1    0.9967     0.822     0.013   0.00368         0
   368/499     6.59G   0.00957  0.002707         0   0.01228         4       640    0.9905         1    0.9967    0.8241   0.01271  0.003596         0
   369/499     6.59G  0.009275  0.002637         0   0.01191         3       640    0.9905         1    0.9967     0.836   0.01237  0.003561         0
   370/499     6.59G  0.009522   0.00287         0   0.01239         8       640    0.9905         1    0.9968    0.8344   0.01248  0.003719         0
   371/499     6.59G  0.009075  0.002556         0   0.01163         4       640    0.9905         1    0.9969    0.8278   0.01253  0.003595         0
   372/499     6.59G  0.009438  0.002573         0   0.01201         6       640    0.9905         1     0.997     0.836   0.01261  0.003582         0
   373/499     6.59G  0.008655  0.002632         0   0.01129         6       640    0.9906         1    0.9972    0.8376   0.01254  0.003596         0
   374/499     6.59G  0.008856  0.002569         0   0.01142         5       640    0.9906         1    0.9972    0.8347   0.01289  0.003669         0
   375/499     6.59G  0.009133  0.002552         0   0.01168         5       640    0.9905         1    0.9972    0.8243   0.01334  0.003614         0
   376/499     6.59G  0.008849  0.002228         0   0.01108         2       640    0.9905         1     0.997    0.8334   0.01301  0.003497         0
   377/499     6.59G   0.00899  0.002903         0   0.01189         9       640    0.9906         1    0.9971     0.834   0.01318   0.00368         0
   378/499     6.59G  0.008574  0.002683         0   0.01126         6       640    0.9906         1    0.9971    0.8411   0.01296  0.003835         0
   379/499     6.59G  0.008713  0.002533         0   0.01125         6       640    0.9905         1     0.997     0.841    0.0126  0.003861         0
   380/499     6.59G  0.008747  0.002609         0   0.01136         7       640    0.9906         1     0.997    0.8415   0.01246  0.003683         0
   381/499     6.59G  0.008722  0.002672         0   0.01139         5       640    0.9907         1    0.9971    0.8423   0.01216  0.003324         0
   382/499     6.59G  0.008793  0.002579         0   0.01137         8       640    0.9905         1    0.9971    0.8472   0.01229  0.003249         0
   383/499     6.59G  0.008415   0.00263         0   0.01105         8       640    0.9905         1     0.997    0.8452   0.01213  0.003341         0
   384/499     6.59G  0.009006  0.002546         0   0.01155         7       640    0.9905         1    0.9969    0.8335    0.0128  0.003545         0
   385/499     6.59G  0.008804  0.002617         0   0.01142         5       640    0.9907         1    0.9968    0.8307   0.01278  0.003579         0
   386/499     6.59G  0.008634  0.002538         0   0.01117         2       640    0.9907         1    0.9968    0.8341    0.0132  0.003611         0
   387/499     6.59G  0.008424  0.002475         0    0.0109         4       640    0.9906         1    0.9968     0.828   0.01325  0.003465         0
   388/499     6.59G  0.008863  0.002751         0   0.01161         5       640    0.9906         1     0.997    0.8394   0.01309  0.003388         0
   389/499     6.59G  0.008401  0.002582         0   0.01098        10       640    0.9906         1     0.997     0.834   0.01311  0.003479         0
   390/499     6.59G  0.008219  0.002586         0   0.01081         5       640    0.9906         1    0.9971    0.8365   0.01316  0.003759         0
   391/499     6.59G   0.00821  0.002508         0   0.01072         3       640    0.9905         1    0.9972    0.8362   0.01282  0.003773         0
   392/499     6.59G  0.008556  0.002445         0     0.011         5       640    0.9904         1    0.9969     0.831   0.01299  0.003607         0
   393/499     6.59G   0.00878   0.00271         0   0.01149         7       640    0.9904         1    0.9968    0.8297   0.01246   0.00346         0
   394/499     6.59G  0.008079  0.002465         0   0.01054         5       640    0.9905         1     0.997    0.8326   0.01278  0.003638         0
   395/499     6.59G  0.009266  0.002401         0   0.01167         6       640    0.9905         1    0.9971    0.8316   0.01275  0.003712         0
   396/499     6.59G  0.008259  0.002494         0   0.01075         6       640    0.9905         1    0.9971    0.8347   0.01295  0.003747         0
   397/499     6.59G  0.009249  0.002562         0   0.01181         5       640    0.9905         1    0.9972    0.8349   0.01272   0.00369         0
   398/499     6.59G  0.008562   0.00252         0   0.01108         6       640    0.9905         1    0.9972    0.8393   0.01242  0.003579         0
   399/499     6.59G  0.008765  0.002929         0   0.01169         9       640    0.9875         1    0.9971    0.8318   0.01262  0.003524         0
   400/499     6.59G  0.008503  0.002362         0   0.01086         4       640    0.9904         1     0.997    0.8282   0.01276  0.003506         0
   401/499     6.59G  0.008681  0.002438         0   0.01112         4       640    0.9905         1    0.9971    0.8327   0.01265  0.003516         0
   402/499     6.59G   0.00846  0.002585         0   0.01105         5       640    0.9905         1    0.9971    0.8339   0.01335  0.003584         0
   403/499     6.59G  0.008046  0.002765         0   0.01081         6       640    0.9904         1     0.997    0.8274   0.01244  0.003522         0
   404/499     6.59G  0.008351  0.002454         0   0.01081         5       640    0.9892         1    0.9969    0.8316    0.0122   0.00344         0
   405/499     6.59G  0.008195  0.002509         0    0.0107         7       640     0.988         1    0.9968    0.8307   0.01249  0.003403         0
   406/499     6.59G  0.008177  0.002569         0   0.01075         6       640    0.9904         1    0.9969    0.8287   0.01315  0.003375         0
   407/499     6.59G  0.007902  0.002219         0   0.01012         3       640    0.9905         1    0.9972    0.8331   0.01325  0.003338         0
   408/499     6.59G   0.00832  0.002464         0   0.01078         6       640    0.9905         1    0.9973    0.8384   0.01302  0.003462         0
   409/499     6.59G  0.007785  0.002497         0   0.01028         6       640    0.9905         1    0.9975    0.8372   0.01285  0.003551         0
   410/499     6.59G   0.00904  0.002418         0   0.01146         4       640    0.9905         1    0.9973    0.8362   0.01277  0.003604         0
   411/499     6.59G  0.007794  0.002601         0    0.0104         7       640    0.9906         1    0.9972    0.8412   0.01265  0.003557         0
   412/499     6.59G  0.007945  0.002317         0   0.01026         7       640    0.9907         1    0.9972    0.8396   0.01251  0.003403         0
   413/499     6.59G  0.007778  0.002358         0   0.01014         3       640    0.9907         1    0.9972     0.834   0.01252  0.003443         0
   414/499     6.59G   0.00822  0.002591         0   0.01081         6       640    0.9905         1    0.9972     0.832   0.01281  0.003552         0
   415/499     6.59G  0.007917  0.002363         0   0.01028         4       640    0.9905         1    0.9971    0.8327   0.01276  0.003551         0
   416/499     6.59G  0.007765  0.002616         0   0.01038         8       640    0.9905         1    0.9971    0.8272   0.01284  0.003524         0
   417/499     6.59G  0.008362  0.002575         0   0.01094         7       640    0.9905         1    0.9971    0.8329   0.01287  0.003498         0
   418/499     6.59G  0.007939  0.002617         0   0.01056         6       640    0.9905         1    0.9971    0.8365   0.01287  0.003529         0
   419/499     6.59G  0.007258  0.002465         0  0.009722         7       640    0.9906         1    0.9971    0.8328   0.01262  0.003562         0
   420/499     6.59G  0.007649  0.002364         0   0.01001         7       640    0.9907         1    0.9971    0.8307   0.01255  0.003505         0
   421/499     6.59G  0.008391  0.002327         0   0.01072         4       640    0.9908         1    0.9972    0.8269   0.01267  0.003422         0
   422/499     6.59G  0.007782  0.002221         0      0.01         3       640    0.9911         1    0.9971    0.8329   0.01275   0.00342         0
   423/499     6.59G  0.008064  0.002654         0   0.01072         6       640    0.9909         1    0.9971    0.8263   0.01275  0.003404         0
   424/499     6.59G  0.007487  0.002459         0  0.009946         7       640    0.9907         1    0.9971    0.8275   0.01254   0.00341         0
   425/499     6.59G  0.007967  0.002404         0   0.01037         5       640    0.9908         1    0.9971    0.8295   0.01284  0.003393         0
   426/499     6.59G  0.007602  0.002267         0  0.009869         3       640    0.9908         1     0.997    0.8326    0.0126  0.003453         0
   427/499     6.59G  0.007417   0.00243         0  0.009847         6       640    0.9907         1    0.9969    0.8316    0.0125  0.003524         0
   428/499     6.59G  0.008057    0.0023         0   0.01036         6       640     0.991         1    0.9968    0.8326    0.0125  0.003635         0
   429/499     6.59G  0.007477  0.002311         0  0.009789         6       640    0.9911         1     0.997    0.8352   0.01298  0.003692         0
   430/499     6.59G  0.008064  0.002366         0   0.01043         3       640    0.9906         1     0.997    0.8372   0.01304  0.003731         0
   431/499     6.59G  0.008012  0.002388         0    0.0104         4       640    0.9905         1    0.9971    0.8415   0.01285  0.003776         0
   432/499     6.59G  0.007808  0.002453         0   0.01026         7       640    0.9906         1    0.9972    0.8412   0.01286  0.003872         0
   433/499     6.59G  0.008197  0.002262         0   0.01046         2       640    0.9907         1    0.9973    0.8353    0.0132  0.004076         0
   434/499     6.59G  0.007604  0.002383         0  0.009987         4       640    0.9908         1    0.9973     0.836   0.01352   0.00425         0
   435/499     6.59G  0.007662  0.002311         0  0.009974         6       640    0.9907         1    0.9971    0.8308   0.01342  0.004279         0
   436/499     6.59G   0.00736  0.002269         0  0.009629         4       640    0.9906         1     0.997     0.831   0.01354  0.004178         0
   437/499     6.59G  0.007347  0.002338         0  0.009685         4       640    0.9905         1    0.9972    0.8328   0.01366  0.004122         0
   438/499     6.59G  0.007862  0.002225         0   0.01009         4       640    0.9905         1    0.9971    0.8366   0.01362  0.003954         0
   439/499     6.59G  0.007607  0.002374         0  0.009981         6       640    0.9903         1    0.9971    0.8388   0.01326  0.003856         0
   440/499     6.59G  0.007847  0.002506         0   0.01035         5       640    0.9901         1    0.9971    0.8333   0.01347  0.003892         0
   441/499     6.59G  0.007648   0.00255         0    0.0102         7       640    0.9903         1    0.9973    0.8335   0.01331  0.003965         0
   442/499     6.59G  0.007674  0.002289         0  0.009963         4       640    0.9903         1    0.9973    0.8335   0.01312  0.004018         0
   443/499     6.59G  0.007582  0.002349         0   0.00993         8       640    0.9905         1    0.9972    0.8345   0.01311  0.004042         0
   444/499     6.59G  0.007544  0.002399         0  0.009943        10       640    0.9905         1    0.9972    0.8324   0.01322  0.004067         0
   445/499     6.59G  0.008632  0.002446         0   0.01108         8       640    0.9906         1    0.9971    0.8303   0.01328   0.00411         0
   446/499     6.59G  0.007836  0.002405         0   0.01024         9       640    0.9909         1    0.9972    0.8307   0.01347  0.004147         0
   447/499     6.59G   0.00764  0.002557         0    0.0102         5       640    0.9911         1    0.9972    0.8418   0.01298  0.003827         0
   448/499     6.59G  0.007834  0.002376         0   0.01021         5       640    0.9913         1    0.9972    0.8361   0.01261  0.003633         0
   449/499     6.59G  0.007458  0.002402         0   0.00986         4       640    0.9908         1    0.9971    0.8349   0.01257   0.00354         0
   450/499     6.59G  0.007196  0.002151         0  0.009347         6       640    0.9906         1    0.9972    0.8404   0.01241  0.003571         0
   451/499     6.59G  0.007406  0.002437         0  0.009843         7       640    0.9903         1    0.9971    0.8317   0.01262  0.003708         0
   452/499     6.59G  0.007253  0.002341         0  0.009594         6       640    0.9902         1    0.9971    0.8284   0.01269  0.003749         0
   453/499     6.59G  0.007708  0.002383         0   0.01009         5       640    0.9909         1    0.9971    0.8297   0.01255   0.00373         0
   454/499     6.59G  0.007379  0.002325         0  0.009703         3       640    0.9909         1     0.997    0.8341   0.01262   0.00385         0
   455/499     6.59G   0.00735  0.002214         0  0.009564         2       640    0.9907         1     0.997    0.8268   0.01276   0.00392         0
   456/499     6.59G  0.006869  0.002245         0  0.009114         6       640    0.9905         1    0.9969    0.8315    0.0128  0.004027         0
   457/499     6.59G  0.007826  0.002492         0   0.01032         5       640    0.9904         1    0.9969    0.8313    0.0126  0.003877         0
   458/499     6.59G  0.007476  0.002335         0   0.00981         6       640    0.9901         1    0.9969    0.8355   0.01278  0.003766         0
   459/499     6.59G  0.007578  0.002266         0  0.009844         9       640    0.9902         1     0.997    0.8372   0.01314  0.003936         0
   460/499     6.59G  0.006968  0.002222         0   0.00919         4       640    0.9903         1     0.997    0.8385   0.01313  0.004135         0
   461/499     6.59G  0.007327  0.002002         0  0.009328         2       640    0.9904         1     0.997    0.8363   0.01303  0.004131         0
   462/499     6.59G  0.008035  0.002418         0   0.01045         5       640    0.9904         1     0.997    0.8362   0.01275  0.004037         0
   463/499     6.59G  0.007169  0.002245         0  0.009414         3       640    0.9905         1    0.9971    0.8346   0.01286  0.004112         0
   464/499     6.59G  0.007174  0.002447         0  0.009621         9       640    0.9904         1    0.9971    0.8262   0.01292  0.004269         0
   465/499     6.59G  0.007079  0.002243         0  0.009322         6       640    0.9904         1    0.9972    0.8264   0.01272  0.004233         0
   466/499     6.59G  0.007525  0.002265         0   0.00979         4       640    0.9905         1    0.9972    0.8371   0.01276  0.004519         0
   467/499     6.59G  0.007189  0.002175         0  0.009364         3       640    0.9906         1    0.9974    0.8358   0.01294    0.0045         0
   468/499     6.59G  0.007414  0.002255         0  0.009669         6       640    0.9905         1    0.9973    0.8389   0.01304   0.00444         0
   469/499     6.59G  0.007522  0.002248         0   0.00977         9       640    0.9904         1    0.9973    0.8366   0.01318  0.004278         0
   470/499     6.59G  0.007304  0.002197         0  0.009501         3       640    0.9904         1    0.9973    0.8389    0.0132  0.004227         0
   471/499     6.59G  0.007191  0.002441         0  0.009632         9       640    0.9903         1    0.9972     0.839   0.01324  0.004208         0
   472/499     6.59G  0.007595  0.002406         0      0.01        10       640    0.9906         1    0.9972    0.8373   0.01288  0.004038         0
   473/499     6.59G  0.007581   0.00231         0  0.009891         6       640    0.9907         1    0.9972    0.8391   0.01265  0.003821         0
   474/499     6.59G  0.006845  0.002152         0  0.008996         4       640    0.9906         1    0.9971    0.8379   0.01259  0.003769         0
   475/499     6.59G  0.006945  0.002305         0   0.00925         7       640    0.9906         1    0.9971    0.8354   0.01265  0.003851         0
   476/499     6.59G  0.006932   0.00237         0  0.009302         7       640    0.9907         1    0.9972    0.8339   0.01271  0.003916         0
   477/499     6.59G  0.006893  0.002182         0  0.009074         4       640    0.9907         1    0.9973     0.842   0.01303  0.003925         0
   478/499     6.59G   0.00733  0.002186         0  0.009515         7       640    0.9909         1    0.9973     0.836   0.01342  0.004032         0
   479/499     6.59G  0.007095  0.002299         0  0.009394         8       640    0.9909         1    0.9973    0.8327   0.01328  0.003994         0
   480/499     6.59G  0.007321  0.002135         0  0.009457         5       640    0.9908         1    0.9972    0.8348   0.01296  0.004075         0
   481/499     6.59G  0.007104  0.002246         0   0.00935         6       640    0.9907         1    0.9972    0.8357   0.01299  0.003973         0
   482/499     6.59G  0.006929  0.002347         0  0.009276         8       640    0.9907         1    0.9972    0.8405   0.01301  0.003916         0
   483/499     6.59G  0.007665  0.002523         0   0.01019         9       640    0.9906         1    0.9972    0.8409   0.01316  0.004063         0
   484/499     6.59G  0.007759  0.002371         0   0.01013         5       640    0.9906         1    0.9973      0.84   0.01298   0.00411         0
   485/499     6.59G  0.007053  0.002321         0  0.009374         8       640    0.9906         1    0.9972    0.8383    0.0129  0.003981         0
   486/499     6.59G  0.007516  0.002173         0  0.009689         4       640    0.9906         1    0.9971     0.826     0.013  0.003916         0
   487/499     6.59G  0.007155  0.002045         0    0.0092         6       640    0.9905         1    0.9972    0.8334   0.01307  0.004064         0
   488/499     6.59G   0.00706  0.002481         0   0.00954         7       640    0.9905         1    0.9972    0.8371   0.01327  0.004495         0
   489/499     6.59G  0.006529  0.002171         0    0.0087         3       640    0.9905         1    0.9973     0.836    0.0132  0.004446         0
   490/499     6.59G  0.007484  0.002274         0  0.009758         4       640    0.9905         1    0.9973    0.8397   0.01304  0.004276         0
   491/499     6.59G  0.007142  0.002174         0  0.009316         8       640    0.9907         1    0.9973     0.834    0.0129  0.004207         0
   492/499     6.59G  0.007041  0.002111         0  0.009151         3       640    0.9908         1    0.9973    0.8382   0.01279  0.004101         0
   493/499     6.59G  0.007171  0.002405         0  0.009576        10       640    0.9907         1    0.9973    0.8418   0.01278  0.004051         0
   494/499     6.59G   0.00674  0.002332         0  0.009072         9       640    0.9905         1    0.9972    0.8453   0.01247  0.003821         0
   495/499     6.59G  0.006709  0.002197         0  0.008905         6       640    0.9905         1    0.9971    0.8395   0.01226  0.003613         0
   496/499     6.59G  0.007259  0.002232         0  0.009491         4       640    0.9905         1    0.9971    0.8383   0.01241  0.003611         0
   497/499     6.59G  0.006695  0.002051         0  0.008746         6       640    0.9905         1    0.9971    0.8408   0.01267  0.003847         0
   498/499     6.59G  0.007006  0.002322         0  0.009328        10       640    0.9906         1    0.9973    0.8353   0.01302  0.003995         0
   499/499     6.59G  0.006791  0.002006         0  0.008797         4       640    0.9906         1    0.9973    0.8361    0.0129  0.003961         0
