     0/299     1.25G    0.1162   0.02634         0    0.1426        56       640         0         0 0.0004597  0.000101    0.1055   0.02531         0
     1/299      6.7G    0.1128   0.02483         0    0.1376        41       640         0         0 0.0007573 0.0001109    0.1014   0.02506         0
     2/299      6.7G    0.1088   0.02492         0    0.1337        38       640         0         0 0.0007804 0.0001447   0.09845   0.02479         0
     3/299      6.7G    0.1065   0.02538         0    0.1319        39       640         0         0 0.0007291 0.0001405   0.09682   0.02446         0
     4/299      6.7G    0.1052   0.02404         0    0.1293        40       640         0         0 0.0007469 0.0001353   0.09587   0.02415         0
     5/299      6.7G     0.103   0.02417         0    0.1272        43       640         0         0 0.0007282 0.0001272   0.09516   0.02392         0
     6/299      6.7G    0.1042   0.02372         0    0.1279        45       640         0         0 0.0007918 0.0001275   0.09473   0.02371         0
     7/299      6.7G    0.1025   0.02354         0     0.126        43       640         0         0 0.0008131 0.0001237   0.09444   0.02356         0
     8/299      6.7G    0.1021   0.02357         0    0.1257        46       640         0         0 0.0008085 0.0001163    0.0941   0.02344         0
     9/299      6.7G    0.1005   0.02571         0    0.1262        45       640         0         0 0.0008553 0.0001212   0.09386   0.02332         0
    10/299      6.7G    0.1008   0.02393         0    0.1247        36       640         0         0 0.0007947 0.0001403    0.0938   0.02318         0
    11/299      6.7G   0.09883   0.02251         0    0.1213        45       640         0         0  0.000704 0.0001416   0.09363   0.02308         0
    12/299      6.7G   0.09836   0.02163         0      0.12        38       640         0         0 0.0007612 0.0001412    0.0934     0.023         0
    13/299      6.7G   0.09586    0.0241         0      0.12        51       640         0         0 0.0007747 0.0001497   0.09327   0.02291         0
    14/299      6.7G   0.09458   0.02434         0    0.1189        41       640         0         0 0.0007386 0.0001419   0.09316   0.02285         0
    15/299      6.7G   0.09247   0.02271         0    0.1152        42       640         0         0  0.001312 0.0002025   0.09316   0.02277         0
    16/299      6.7G   0.09271   0.02445         0    0.1172        43       640         0         0  0.001226  0.000215   0.09334   0.02263         0
    17/299      6.7G   0.09151   0.02444         0    0.1159        38       640         0         0  0.001585 0.0002727   0.09387   0.02238         0
    18/299      6.7G   0.08834   0.02405         0    0.1124        43       640         0         0  0.003949 0.0006283   0.09295   0.02253         0
    19/299      6.7G   0.08518   0.02641         0    0.1116        45       640         0         0   0.01244  0.001884   0.09123   0.02283         0
    20/299      6.7G   0.08296   0.02605         0     0.109        38       640         0         0   0.07496   0.01347   0.08764   0.02347         0
    21/299      6.7G   0.07969   0.02604         0    0.1057        43       640         0         0   0.05646   0.01093   0.08566   0.02378         0
    22/299      6.7G   0.07753   0.02536         0    0.1029        44       640         0         0   0.09583   0.03438   0.07636   0.02579         0
    23/299      6.7G   0.07357   0.02872         0    0.1023        52       640         0         0  0.001136 0.0001884   0.08657   0.02411         0
    24/299      6.7G   0.07058    0.0273         0   0.09788        38       640         0         0   0.02496  0.004222   0.08099     0.025         0
    25/299      6.7G   0.07035   0.02765         0   0.09799        36       640         0         0   0.01572  0.002521   0.08091   0.02497         0
    26/299      6.7G   0.06733   0.02851         0   0.09584        45       640         0         0 0.0008134 0.0001747   0.09117   0.02266         0
    27/299      6.7G   0.06755   0.02936         0   0.09691        46       640         0         0    0.2633    0.0596   0.06137    0.0281         0
    28/299      6.7G   0.06443   0.02735         0   0.09178        34       640         0         0    0.3434     0.122   0.05876   0.02813         0
    29/299      6.7G   0.06168   0.02839         0   0.09007        38       640         1   0.01695    0.4395    0.1061   0.05981   0.02745         0
    30/299      6.7G   0.06294   0.02654         0   0.08948        45       640         0         0     0.177   0.02803   0.07068   0.02515         0
    31/299      6.7G   0.06169   0.02705         0   0.08873        44       640         1   0.01695    0.4769    0.1018    0.0591    0.0262         0
    32/299      6.7G   0.06029    0.0263         0   0.08659        37       640         1   0.03928    0.6933    0.2815   0.05054   0.02664         0
    33/299      6.7G   0.05939   0.02691         0    0.0863        40       640         1   0.07428    0.7237    0.3135   0.05183   0.02567         0
    34/299      6.7G   0.05802   0.02417         0   0.08219        45       640    0.9351    0.4886    0.7578    0.3666   0.04904   0.02492         0
    35/299      6.7G   0.05683   0.02583         0   0.08266        46       640    0.5991     0.678    0.6717    0.2102   0.04891   0.02339         0
    36/299      6.7G   0.06081   0.02177         0   0.08258        32       640    0.7818     0.661    0.7168    0.2359   0.04971   0.02266         0
    37/299      6.7G   0.05594   0.02173         0   0.07768        44       640         1   0.02975    0.1586   0.02861   0.09062   0.01949         0
    38/299      6.7G   0.05683   0.02095         0   0.07778        39       640    0.7623    0.5435    0.6656    0.2725   0.04966   0.02279         0
    39/299      6.7G   0.05452   0.01996         0   0.07448        39       640    0.3164    0.1186    0.1802    0.0392   0.08577     0.019         0
    40/299      6.7G   0.05493   0.01982         0   0.07475        44       640    0.4944    0.5932    0.4752   0.09659   0.05349   0.02155         0
    41/299      6.7G   0.05667   0.01867         0   0.07534        44       640    0.4878   0.09715     0.221   0.06323   0.06229   0.02298         0
    42/299      6.7G   0.05262   0.01976         0   0.07238        47       640    0.6485    0.5932    0.6335    0.1701   0.07633   0.01831         0
    43/299      6.7G   0.05256   0.01888         0   0.07145        39       640    0.4055    0.8475    0.6796    0.1972   0.05073   0.01785         0
    44/299      6.7G   0.05259   0.01847         0   0.07106        46       640    0.5963    0.7288      0.65    0.2838   0.06553   0.01812         0
    45/299      6.7G   0.05138    0.0166         0   0.06797        31       640    0.5726    0.5222    0.5329     0.116   0.06453   0.01862         0
    46/299      6.7G   0.05185   0.01724         0   0.06908        38       640    0.4025    0.3559    0.3025   0.04968   0.09133   0.01661         0
    47/299      6.7G   0.05161   0.01688         0   0.06849        40       640    0.6287    0.4305    0.5045    0.1511   0.06874   0.01886         0
    48/299      6.7G   0.05114   0.01712         0   0.06825        43       640    0.3574    0.9153    0.8168    0.4026     0.041   0.01659         0
    49/299      6.7G   0.04658   0.01712         0   0.06369        43       640    0.6682    0.2712    0.3273    0.1252   0.09703   0.01723         0
    50/299      6.7G     0.052    0.0175         0    0.0695        52       640    0.6226     0.661    0.5526    0.1544   0.07115   0.01751         0
    51/299      6.7G     0.051    0.0167         0   0.06769        41       640    0.6954    0.6964    0.7408    0.2404    0.0585   0.01783         0
    52/299      6.7G   0.04734   0.01619         0   0.06353        42       640    0.5489    0.9487    0.9268    0.4897   0.03652   0.01683         0
    53/299      6.7G   0.04442   0.01514         0   0.05956        38       640    0.4273    0.9661    0.9235    0.5038   0.03402   0.01555         0
    54/299      6.7G   0.04781   0.01556         0   0.06337        44       640    0.5984    0.8644    0.7877    0.2362   0.05803   0.01611         0
    55/299      6.7G   0.04397   0.01487         0   0.05883        29       640    0.4922    0.9661    0.9132    0.5221   0.03249   0.01569         0
    56/299      6.7G   0.04617   0.01549         0   0.06166        42       640    0.7135    0.8644    0.8282    0.3974   0.04023   0.01755         0
    57/299      6.7G   0.04656   0.01528         0   0.06184        32       640     0.677    0.8983     0.834    0.4127   0.04911   0.01734         0
    58/299      6.7G   0.04783   0.01506         0   0.06289        50       640    0.4867    0.8983     0.875    0.4881    0.0395   0.01561         0
    59/299      6.7G   0.04486   0.01379         0   0.05865        38       640      0.94     0.797    0.8551    0.4817    0.0406   0.01908         0
    60/299      6.7G   0.04153   0.01547         0     0.057        49       640     0.436    0.9322    0.9156    0.4785   0.03351   0.01409         0
    61/299      6.7G   0.04307   0.01441         0   0.05748        40       640    0.3552         1     0.954    0.5202   0.03391   0.01402         0
    62/299      6.7G   0.04396   0.01381         0   0.05776        31       640    0.5497    0.8896    0.7977     0.311   0.04975   0.01484         0
    63/299      6.7G   0.04247   0.01439         0   0.05685        39       640    0.4676    0.9153    0.8609    0.3318   0.06521   0.01357         0
    64/299      6.7G   0.04622   0.01377         0   0.05998        40       640    0.1324    0.2373    0.1349    0.0229    0.1009    0.0172         0
    65/299      6.7G    0.0415   0.01332         0   0.05482        34       640    0.3312         1    0.9607    0.4011   0.03822   0.01317         0
    66/299      6.7G   0.04587   0.01364         0   0.05951        37       640    0.4516    0.9153    0.8934    0.3078   0.04621   0.01273         0
    67/299      6.7G   0.04587    0.0132         0   0.05907        37       640    0.7273    0.8983    0.8559    0.4574   0.03349   0.01653         0
    68/299      6.7G   0.04259    0.0131         0    0.0557        47       640    0.3975    0.9661    0.9459    0.4894   0.03398   0.01273         0
    69/299      6.7G    0.0421   0.01317         0   0.05528        46       640    0.4792         1    0.9547     0.496   0.03093   0.01245         0
    70/299      6.7G   0.04125   0.01284         0   0.05409        42       640    0.6737    0.9322    0.9424    0.5241   0.03585   0.01482         0
    71/299      6.7G   0.04211   0.01373         0   0.05584        46       640    0.3754         1    0.9827    0.5442    0.0309   0.01242         0
    72/299      6.7G   0.04062    0.0128         0   0.05342        44       640     0.556         1    0.9827    0.5353   0.03149   0.01193         0
    73/299      6.7G    0.0397   0.01299         0   0.05269        41       640    0.6746    0.9153    0.9398    0.5326   0.03439   0.01254         0
    74/299      6.7G   0.04324   0.01262         0   0.05587        38       640    0.7958     0.661    0.7506    0.3889   0.04538    0.0176         0
    75/299      6.7G   0.03817   0.01242         0   0.05059        46       640    0.5027    0.8983    0.8886    0.5032   0.04314   0.01251         0
    76/299      6.7G   0.03968   0.01228         0   0.05196        38       640    0.4299         1    0.9837    0.5957   0.02877   0.01139         0
    77/299      6.7G   0.03822   0.01139         0   0.04961        30       640    0.8599    0.8325    0.8673    0.5143   0.03658   0.01514         0
    78/299      6.7G   0.03882   0.01186         0   0.05069        41       640     0.517         1    0.9907    0.6521   0.02864   0.01124         0
    79/299      6.7G    0.0391   0.01216         0   0.05126        39       640    0.4729    0.9831    0.9713    0.5803   0.03193    0.0116         0
    80/299      6.7G   0.04177   0.01231         0   0.05408        46       640    0.3887         1    0.9725    0.6057   0.02902   0.01182         0
    81/299      6.7G   0.03913   0.01223         0   0.05136        39       640    0.6416    0.9153    0.9039    0.4417   0.03883   0.01447         0
    82/299      6.7G   0.03798   0.01147         0   0.04944        41       640    0.5016    0.9831    0.9739    0.5415   0.03075   0.01151         0
    83/299      6.7G   0.04417   0.01265         0   0.05682        50       640    0.3377    0.9153    0.4969   0.08237   0.06268   0.01178         0
    84/299      6.7G   0.06128   0.01279         0   0.07407        42       640    0.3851    0.8136    0.5738    0.1223   0.05028    0.0146         0
    85/299      6.7G   0.05028   0.01425         0   0.06454        44       640    0.3036    0.9661    0.5804    0.1635   0.04479   0.01314         0
    86/299      6.7G   0.05005   0.01261         0   0.06266        34       640    0.1271    0.7797    0.4566    0.1878   0.06281   0.01876         0
    87/299      6.7G    0.0462    0.0128         0     0.059        47       640   0.07598    0.8983    0.3265   0.07733   0.06331   0.02237         0
    88/299      6.7G   0.04983   0.01447         0    0.0643        45       640    0.3334         1    0.8974    0.2647   0.04335   0.01232         0
    89/299      6.7G   0.04922   0.01266         0   0.06188        40       640    0.4085    0.9831     0.783    0.2452   0.04092   0.01541         0
    90/299      6.7G   0.04481    0.0136         0   0.05841        37       640    0.4345    0.7814    0.6151    0.2502   0.05165    0.0173         0
    91/299      6.7G   0.04875   0.01285         0    0.0616        49       640    0.4879    0.9831    0.8393    0.3219   0.04605   0.01324         0
    92/299      6.7G   0.04699   0.01292         0   0.05992        37       640    0.5699    0.9661    0.9788    0.5633   0.03222   0.01213         0
    93/299      6.7G   0.04628   0.01145         0   0.05773        40       640    0.4713         1    0.9332    0.5032   0.03794   0.01223         0
    94/299      6.7G   0.04095   0.01254         0    0.0535        34       640    0.4698    0.9831    0.9117    0.4437   0.03449   0.01159         0
    95/299      6.7G   0.04202   0.01129         0    0.0533        39       640    0.5276    0.9492    0.9457    0.4268    0.0373   0.01131         0
    96/299      6.7G   0.04554   0.01219         0   0.05773        40       640     0.771    0.8136     0.832    0.3775   0.04547   0.01321         0
    97/299      6.7G   0.04459   0.01199         0   0.05658        36       640    0.5508    0.9831    0.9653    0.5199   0.03679   0.01102         0
    98/299      6.7G   0.04363   0.01145         0   0.05508        39       640    0.5598    0.8983    0.9078    0.2644   0.05814   0.01068         0
    99/299      6.7G   0.04582   0.01239         0   0.05821        45       640    0.4802         1    0.9643    0.5074   0.03374   0.01165         0
   100/299      6.7G   0.04118    0.0118         0   0.05298        43       640    0.4807    0.8305    0.7416    0.3653   0.05716   0.01169         0
   101/299      6.7G   0.04214    0.0122         0   0.05434        39       640    0.4956         1     0.955    0.5487   0.03156   0.01038         0
   102/299      6.7G   0.04163   0.01149         0   0.05312        49       640    0.3687    0.9831     0.913    0.4856   0.04226   0.01109         0
   103/299      6.7G   0.04405   0.01219         0   0.05624        41       640    0.4841    0.9492    0.9411    0.5324   0.03267   0.01148         0
   104/299      6.7G   0.03947   0.01069         0   0.05016        41       640    0.1284    0.7458    0.2427   0.07925   0.07725   0.01765         0
   105/299      6.7G   0.04315   0.01226         0   0.05541        45       640    0.4454    0.9831     0.907    0.4286   0.03966   0.01069         0
   106/299      6.7G   0.04364   0.01033         0   0.05397        44       640    0.6042         1    0.9894    0.4819   0.03222   0.01057         0
   107/299      6.7G   0.03717   0.01096         0   0.04813        40       640    0.3315    0.9831    0.6672    0.2439   0.04175   0.01011         0
   108/299      6.7G   0.04469   0.01176         0   0.05645        56       640    0.7601    0.9661    0.9707    0.5679   0.03203     0.011         0
   109/299      6.7G    0.0401   0.01108         0   0.05117        48       640    0.4696    0.9831    0.8862    0.4444   0.03414  0.009885         0
   110/299      6.7G   0.04121   0.01082         0   0.05203        34       640     0.624    0.9322    0.8883    0.5386   0.03447   0.01056         0
   111/299      6.7G   0.04007    0.0107         0   0.05076        50       640    0.6437         1    0.9354    0.3077   0.04658  0.009574         0
   112/299      6.7G   0.04512   0.01175         0   0.05687        42       640    0.5359    0.9831    0.9616    0.5585   0.03241   0.01012         0
   113/299      6.7G   0.03392   0.01063         0   0.04456        40       640    0.6622    0.9831    0.9722    0.3682   0.04162  0.009428         0
   114/299      6.7G   0.03891   0.01115         0   0.05006        39       640    0.6164    0.9831    0.9289    0.3873   0.03746  0.009467         0
   115/299      6.7G   0.03663   0.01021         0   0.04684        41       640    0.6024    0.9661    0.9534    0.4963   0.03782   0.01003         0
   116/299      6.7G   0.03878   0.00973         0   0.04851        42       640    0.4548         1     0.929    0.5455   0.03074   0.01023         0
   117/299      6.7G   0.03887   0.01122         0   0.05009        45       640    0.4229         1    0.9803    0.3986    0.0383  0.009642         0
   118/299      6.7G    0.0412   0.01051         0   0.05171        42       640    0.4497         1    0.9798    0.4698   0.03464  0.009486         0
   119/299      6.7G   0.03825    0.0103         0   0.04855        37       640    0.4625    0.9831    0.9585    0.4872   0.03437  0.009798         0
   120/299      6.7G   0.03722  0.009915         0   0.04714        38       640    0.6668         1    0.9944    0.5993   0.02737  0.009075         0
   121/299      6.7G   0.03877   0.01057         0   0.04934        48       640    0.7454    0.9492    0.9537    0.5541   0.03402  0.009796         0
   122/299      6.7G   0.03569   0.01002         0   0.04571        34       640    0.6373         1     0.991    0.5923   0.03034  0.009404         0
   123/299      6.7G   0.03581  0.009451         0   0.04526        33       640    0.5123         1    0.9931    0.6411   0.02739  0.009091         0
   124/299      6.7G    0.0356  0.009791         0   0.04539        47       640     0.547         1    0.9897    0.4575   0.03344  0.008938         0
   125/299      6.7G   0.03592   0.01052         0   0.04644        41       640    0.4945    0.9831    0.9392    0.4338   0.03511    0.0089         0
   126/299      6.7G   0.04064   0.01023         0   0.05087        36       640    0.6504         1     0.995     0.651   0.02765  0.008689         0
   127/299      6.7G   0.03398  0.009219         0    0.0432        34       640    0.5904    0.9661    0.9227    0.3791   0.03667  0.009551         0
   128/299      6.7G   0.03611   0.01019         0    0.0463        44       640    0.8064         1    0.9886    0.5915   0.03205  0.009146         0
   129/299      6.7G   0.03518  0.009716         0    0.0449        49       640    0.6847    0.9661    0.9309    0.5481   0.03215  0.009189         0
   130/299      6.7G   0.03689  0.009431         0   0.04632        40       640    0.8103    0.8983    0.9267    0.5895   0.03189   0.01028         0
   131/299      6.7G   0.03448  0.009612         0   0.04409        40       640    0.6233         1    0.9847    0.5289   0.03034  0.008701         0
   132/299      6.7G   0.03701   0.01012         0   0.04712        47       640    0.6661         1    0.9682    0.5948   0.03458  0.008675         0
   133/299      6.7G   0.03756  0.009552         0   0.04712        42       640    0.7825         1    0.9949    0.6876   0.02447  0.008414         0
   134/299      6.7G    0.0338  0.009898         0    0.0437        47       640    0.4867         1    0.9726    0.5748    0.0318  0.008474         0
   135/299      6.7G    0.0338  0.009982         0   0.04378        53       640    0.6182    0.9831    0.9852    0.4656   0.03969  0.008374         0
   136/299      6.7G   0.03593  0.009503         0   0.04544        40       640    0.6928         1    0.9949    0.6414   0.02637   0.00832         0
   137/299      6.7G   0.02986   0.00897         0   0.03883        31       640    0.9709    0.7797    0.8504    0.4858   0.03296   0.01282         0
   138/299      6.7G   0.03573  0.008434         0   0.04417        48       640    0.8455    0.8475    0.8709    0.3696   0.05313   0.01005         0
   139/299      6.7G   0.03879   0.00943         0   0.04823        36       640    0.7716         1     0.995    0.6291   0.02602  0.007872         0
   140/299      6.7G    0.0334  0.009777         0   0.04317        51       640    0.6915         1    0.9911    0.6424   0.02891  0.008443         0
   141/299      6.7G   0.03574  0.009913         0   0.04565        51       640    0.4934         1    0.9921    0.5971   0.02736  0.008593         0
   142/299      6.7G   0.03004  0.008928         0   0.03897        38       640    0.4917         1    0.9826    0.5402   0.03339   0.00937         0
   143/299      6.7G   0.03317  0.008883         0   0.04205        41       640    0.5736         1    0.9942    0.6378   0.02651  0.008424         0
   144/299      6.7G   0.03074   0.00874         0   0.03948        48       640    0.6402    0.9831    0.9876    0.6113   0.03257  0.007971         0
   145/299      6.7G   0.03505    0.0085         0   0.04355        36       640    0.6409         1     0.987    0.6572   0.02535   0.00792         0
   146/299      6.7G   0.03067  0.008859         0   0.03953        42       640    0.7527    0.9831    0.9815    0.6401   0.02618  0.008061         0
   147/299      6.7G   0.03385  0.008625         0   0.04248        37       640    0.8594    0.9153    0.9599    0.4982   0.03292  0.008705         0
   148/299      6.7G   0.03331  0.009471         0   0.04278        34       640    0.7941    0.9661    0.9723    0.6311   0.02755  0.007722         0
   149/299      6.7G   0.02838  0.007763         0   0.03614        38       640    0.7877    0.9661    0.9749    0.5855   0.03257  0.007784         0
   150/299      6.7G   0.03342  0.008542         0   0.04196        38       640     0.728         1     0.995    0.6768   0.02377  0.007613         0
   151/299      6.7G   0.03149  0.008224         0   0.03971        33       640    0.6528    0.9831     0.981    0.6363   0.02513  0.007843         0
   152/299      6.7G   0.03314   0.00795         0   0.04109        40       640    0.8324         1    0.9945     0.676   0.02311  0.007309         0
   153/299      6.7G   0.03229  0.008033         0   0.04032        43       640    0.7372    0.9831    0.9706    0.6271   0.02735  0.008294         0
   154/299      6.7G   0.03032  0.009103         0   0.03943        44       640    0.6498         1    0.9949     0.709   0.02462  0.007377         0
   155/299      6.7G    0.0289  0.008434         0   0.03734        45       640    0.5984         1     0.992    0.6732   0.02417  0.007139         0
   156/299      6.7G   0.02756  0.008205         0   0.03576        44       640    0.6833         1    0.9949    0.7031   0.02395   0.00705         0
   157/299      6.7G   0.02823  0.007668         0    0.0359        38       640    0.7315         1     0.995    0.7204   0.02143  0.006884         0
   158/299      6.7G   0.03203  0.007711         0   0.03974        44       640    0.7442         1    0.9876    0.5079    0.0334  0.007857         0
   159/299      6.7G   0.03678  0.009245         0   0.04602        43       640    0.6608    0.9831    0.9724    0.5684   0.02849  0.008107         0
   160/299      6.7G   0.03186  0.008491         0   0.04035        40       640    0.5594         1    0.9765    0.5495   0.02842  0.008157         0
   161/299      6.7G   0.03095  0.008314         0   0.03926        46       640    0.6747    0.9831    0.9822     0.659   0.02614    0.0078         0
   162/299      6.7G   0.02898  0.007986         0   0.03697        36       640    0.8453    0.9661    0.9676    0.5904   0.02862  0.008103         0
   163/299      6.7G   0.03075  0.008504         0   0.03925        39       640    0.8412    0.9831    0.9858     0.695   0.02799  0.007416         0
   164/299      6.7G   0.03133  0.008363         0   0.03969        43       640    0.5318         1     0.995    0.6953   0.02258  0.007258         0
   165/299      6.7G   0.02706  0.008578         0   0.03564        43       640    0.7347         1     0.995    0.6845   0.02215  0.006914         0
   166/299      6.7G    0.0311  0.008214         0   0.03931        49       640    0.9027    0.9831    0.9849    0.5896   0.03097  0.007716         0
   167/299      6.7G   0.03024  0.008389         0   0.03863        38       640    0.8631    0.9615    0.9799     0.702   0.02398   0.00759         0
   168/299      6.7G   0.02517  0.007089         0   0.03225        40       640    0.8935    0.9661    0.9816    0.6234   0.02552  0.007697         0
   169/299      6.7G   0.02983  0.007793         0   0.03763        53       640    0.8812    0.9661    0.9609    0.6605   0.02372  0.007059         0
   170/299      6.7G    0.0294  0.008637         0   0.03803        43       640    0.7607         1    0.9949    0.6878   0.02218  0.006706         0
   171/299      6.7G   0.02604  0.008261         0    0.0343        46       640     0.958    0.9661     0.982    0.6287   0.02562   0.00773         0
   172/299      6.7G   0.02672  0.008317         0   0.03504        46       640    0.9824    0.9481     0.966    0.6766   0.02591   0.00816         0
   173/299      6.7G   0.02405  0.007555         0    0.0316        49       640    0.9295    0.9661     0.983    0.7112   0.02297  0.007288         0
   174/299      6.7G   0.02251  0.007623         0   0.03014        55       640    0.9394    0.9831    0.9841     0.677   0.02289  0.007056         0
   175/299      6.7G   0.02459   0.00723         0   0.03182        40       640    0.9243    0.9661    0.9676     0.664   0.02415  0.006963         0
   176/299      6.7G   0.02622  0.007641         0   0.03386        43       640    0.8799    0.9831    0.9889    0.5939   0.02866  0.006937         0
   177/299      6.7G   0.02848  0.007477         0   0.03596        37       640    0.9411    0.9831    0.9935    0.6839   0.02587  0.006809         0
   178/299      6.7G   0.02601  0.007347         0   0.03336        37       640    0.8442         1     0.995     0.675   0.02268   0.00651         0
   179/299      6.7G   0.02489  0.007894         0   0.03278        33       640    0.6639         1     0.995    0.6699   0.02272  0.006917         0
   180/299      6.7G   0.02516   0.00729         0   0.03245        49       640    0.7145         1     0.995     0.756   0.01916  0.006614         0
   181/299      6.7G   0.02319  0.007055         0   0.03025        43       640    0.7935         1     0.995    0.7219   0.01935  0.006332         0
   182/299      6.7G   0.02274  0.007629         0   0.03037        40       640    0.8353         1     0.995    0.7054   0.02147   0.00638         0
   183/299      6.7G   0.02661  0.007389         0     0.034        50       640    0.8158    0.9661    0.9833    0.6318   0.02631  0.006935         0
   184/299      6.7G   0.02929  0.007554         0   0.03685        46       640    0.8284         1     0.995    0.7328   0.02327  0.006412         0
   185/299      6.7G    0.0238  0.006884         0   0.03068        39       640    0.7175         1     0.995    0.7111    0.0204  0.006397         0
   186/299      6.7G   0.02238  0.007034         0   0.02942        43       640    0.8912         1     0.995     0.755   0.01793  0.006108         0
   187/299      6.7G   0.02152  0.007074         0   0.02859        43       640    0.9333         1    0.9946    0.7206   0.02043  0.006329         0
   188/299      6.7G   0.02502  0.007625         0   0.03265        44       640    0.9047         1    0.9877    0.7024    0.0207  0.006009         0
   189/299      6.7G    0.0284   0.00771         0    0.0361        44       640    0.9252    0.9831    0.9855    0.7093   0.02117  0.006318         0
   190/299      6.7G   0.02191  0.007433         0   0.02934        46       640    0.8411         1    0.9951    0.7476   0.01891  0.006102         0
   191/299      6.7G   0.02299  0.007415         0   0.03041        42       640    0.9683         1    0.9951    0.7203   0.02089  0.006162         0
   192/299      6.7G   0.02371  0.007065         0   0.03077        46       640    0.9327    0.9492    0.9739    0.6768   0.02247  0.006801         0
   193/299      6.7G    0.0207  0.006623         0   0.02732        39       640    0.9017    0.9831    0.9852    0.7304   0.01891  0.006019         0
   194/299      6.7G   0.02146  0.006828         0   0.02829        47       640    0.9644    0.9492    0.9664    0.6783   0.02287  0.006664         0
   195/299      6.7G   0.02343  0.006696         0   0.03013        41       640    0.9364    0.9831    0.9919    0.7161   0.02033  0.006064         0
   196/299      6.7G   0.02339  0.006593         0   0.02999        39       640    0.9489    0.9831    0.9942    0.7255   0.02137  0.005993         0
   197/299      6.7G   0.02144  0.007002         0   0.02844        39       640    0.9811         1    0.9951    0.7745   0.01815  0.005742         0
   198/299      6.7G   0.02012  0.006732         0   0.02686        48       640    0.9645    0.9831    0.9941    0.7679   0.01979  0.006127         0
   199/299      6.7G   0.02201   0.00675         0   0.02876        44       640     0.983    0.9786    0.9872    0.7546   0.01968  0.006401         0
   200/299      6.7G   0.02189  0.006626         0   0.02851        34       640    0.9038         1    0.9951    0.7371   0.01964  0.005705         0
   201/299      6.7G   0.02269  0.006585         0   0.02927        49       640    0.9589         1    0.9951    0.7777   0.01851  0.005768         0
   202/299      6.7G   0.02229  0.006497         0   0.02879        38       640    0.9056         1    0.9951    0.7248   0.02112  0.005871         0
   203/299      6.7G   0.02465  0.006716         0   0.03137        50       640    0.8824         1    0.9951    0.7464   0.01971  0.005832         0
   204/299      6.7G    0.0228  0.006491         0   0.02929        42       640    0.8548         1    0.9951    0.7286   0.02197  0.005974         0
   205/299      6.7G   0.02422  0.006394         0   0.03062        33       640     0.866         1    0.9951    0.7505   0.02019  0.005728         0
   206/299      6.7G   0.02001  0.006274         0   0.02628        42       640    0.8915         1    0.9951    0.7757    0.0177  0.005556         0
   207/299      6.7G   0.01936  0.006265         0   0.02562        37       640      0.93         1    0.9951    0.7763   0.01747  0.005451         0
   208/299      6.7G   0.02019   0.00651         0    0.0267        37       640    0.8926         1    0.9951    0.7676   0.01807   0.00544         0
   209/299      6.7G   0.02133  0.006709         0   0.02804        45       640     0.867         1    0.9951    0.7821   0.01742  0.005405         0
   210/299      6.7G   0.02145  0.006402         0   0.02785        49       640    0.9264         1    0.9951     0.765   0.01835  0.005496         0
   211/299      6.7G   0.01923  0.006386         0   0.02561        35       640    0.9163         1     0.995    0.7926   0.01709  0.005377         0
   212/299      6.7G   0.02059  0.006187         0   0.02678        40       640    0.9537         1    0.9949    0.7709   0.01873  0.005527         0
   213/299      6.7G   0.02425  0.006137         0   0.03039        41       640    0.9514    0.9959    0.9946    0.7836   0.01644  0.005576         0
   214/299      6.7G   0.02013  0.006379         0   0.02651        43       640    0.9253         1    0.9949    0.7886   0.01659  0.005573         0
   215/299      6.7G   0.01911  0.005967         0   0.02507        37       640    0.9682         1    0.9951     0.776    0.0174   0.00545         0
   216/299      6.7G   0.01875  0.006529         0   0.02528        35       640    0.9833         1    0.9951    0.7776   0.01654    0.0055         0
   217/299      6.7G   0.01906  0.006361         0   0.02542        48       640    0.9547         1    0.9951    0.7852   0.01739  0.005443         0
   218/299      6.7G   0.01812  0.006407         0   0.02452        51       640    0.9524         1    0.9951    0.8157   0.01538  0.005282         0
   219/299      6.7G   0.01867  0.005847         0   0.02452        44       640    0.9611         1    0.9951    0.7728   0.01827  0.005406         0
   220/299      6.7G   0.02021  0.006161         0   0.02637        44       640    0.9864         1    0.9951     0.753   0.01892  0.005685         0
   221/299      6.7G   0.01831   0.00656         0   0.02487        43       640    0.9848         1    0.9951    0.7618   0.01863  0.005567         0
   222/299      6.7G   0.01783  0.006222         0   0.02405        37       640    0.9591         1    0.9951    0.8151   0.01573  0.005256         0
   223/299      6.7G   0.01783    0.0061         0   0.02393        45       640    0.9536         1    0.9951    0.8198   0.01541  0.005119         0
   224/299      6.7G   0.01853  0.005964         0   0.02449        43       640    0.8654         1    0.9951    0.7966   0.01583  0.005245         0
   225/299      6.7G   0.01708  0.005739         0   0.02282        42       640    0.8001         1    0.9951    0.7896   0.01665   0.00539         0
   226/299      6.7G   0.01756  0.005582         0   0.02315        43       640    0.8408         1    0.9951    0.7909   0.01613  0.005266         0
   227/299      6.7G   0.01754  0.006208         0   0.02375        39       640    0.9099         1    0.9951    0.7978   0.01585  0.005166         0
   228/299      6.7G   0.01645  0.005714         0   0.02216        35       640    0.9071         1    0.9951    0.7956   0.01505   0.00503         0
   229/299      6.7G   0.01703  0.005769         0    0.0228        38       640    0.8778         1    0.9951    0.8071    0.0153   0.00508         0
   230/299      6.7G   0.01696  0.005891         0   0.02285        38       640    0.8879         1    0.9952     0.811   0.01461  0.005045         0
   231/299      6.7G   0.01691  0.005565         0   0.02247        43       640    0.9235         1    0.9952    0.8058   0.01615  0.005189         0
   232/299      6.7G    0.0159  0.005528         0   0.02143        35       640    0.9532         1    0.9952    0.8097   0.01506  0.005029         0
   233/299      6.7G   0.01629  0.005678         0   0.02197        47       640    0.9247    0.9831    0.9944    0.7732   0.01614  0.005208         0
   234/299      6.7G   0.01764  0.005517         0   0.02316        42       640    0.9326    0.9831    0.9936    0.7758    0.0165  0.005274         0
   235/299      6.7G   0.01776   0.00614         0    0.0239        48       640    0.9217    0.9981    0.9944    0.7868   0.01534  0.005115         0
   236/299      6.7G   0.01657  0.005886         0   0.02246        43       640    0.9342         1    0.9952    0.7896   0.01637  0.005131         0
   237/299      6.7G     0.018  0.005897         0   0.02389        43       640    0.9281         1    0.9952    0.8015   0.01601  0.005043         0
   238/299      6.7G   0.01598  0.005747         0   0.02173        38       640    0.9677         1    0.9952    0.7776   0.01675  0.005063         0
   239/299      6.7G   0.01633  0.005844         0   0.02218        41       640    0.9757         1     0.995    0.8041   0.01562  0.005074         0
   240/299      6.7G   0.01549  0.005718         0    0.0212        49       640    0.9548    0.9831    0.9936    0.7851   0.01629  0.005223         0
   241/299      6.7G   0.01685  0.005554         0    0.0224        42       640    0.9672    0.9991    0.9949    0.7795   0.01702  0.005212         0
   242/299      6.7G   0.01765  0.005782         0   0.02343        37       640    0.9302         1    0.9952    0.7811   0.01611  0.005125         0
   243/299      6.7G   0.01768  0.005897         0   0.02358        43       640    0.8483         1    0.9952    0.7524   0.01688  0.005221         0
   244/299      6.7G   0.01715  0.006334         0   0.02349        50       640    0.8853         1    0.9952    0.7866   0.01494  0.005048         0
   245/299      6.7G   0.01685   0.00582         0   0.02267        46       640    0.9285         1    0.9952    0.7888   0.01503  0.005035         0
   246/299      6.7G   0.01699  0.006058         0   0.02304        37       640    0.9303         1    0.9952    0.7982   0.01529  0.005076         0
   247/299      6.7G   0.01717  0.005319         0   0.02249        43       640    0.9508         1    0.9952    0.7902   0.01561  0.004995         0
   248/299      6.7G   0.01729  0.005418         0    0.0227        41       640    0.9729         1    0.9952    0.7686   0.01539  0.004998         0
   249/299      6.7G   0.01706  0.005733         0    0.0228        35       640    0.9835         1    0.9952    0.7807   0.01546  0.004978         0
   250/299      6.7G   0.01698  0.005844         0   0.02283        44       640     0.971         1    0.9952     0.805    0.0148  0.004884         0
   251/299      6.7G   0.01525  0.005586         0   0.02083        49       640    0.8907         1    0.9952    0.7993    0.0146  0.004929         0
   252/299      6.7G   0.01476  0.005331         0   0.02009        40       640    0.8973         1    0.9952    0.8037   0.01427  0.004892         0
   253/299      6.7G   0.01512  0.005148         0   0.02026        33       640    0.9101         1    0.9952    0.8083   0.01399  0.004832         0
   254/299      6.7G   0.01438  0.005004         0   0.01938        42       640    0.9772         1    0.9952    0.8089    0.0147  0.004849         0
   255/299      6.7G   0.01445  0.005614         0   0.02006        42       640    0.9288         1    0.9952    0.8209   0.01423  0.004867         0
   256/299      6.7G   0.01409  0.005292         0   0.01938        34       640    0.9515         1    0.9952    0.8088   0.01452  0.004944         0
   257/299      6.7G   0.01613  0.005211         0   0.02134        30       640    0.9272         1    0.9952    0.8051   0.01466  0.004893         0
   258/299      6.7G   0.01629  0.005589         0   0.02188        38       640    0.9346         1    0.9952    0.7822   0.01463   0.00488         0
   259/299      6.7G   0.01506  0.005183         0   0.02025        39       640    0.9715         1    0.9953    0.7734   0.01611  0.005016         0
   260/299      6.7G   0.01471  0.005906         0   0.02062        46       640    0.9031         1    0.9953    0.8009   0.01494  0.004875         0
   261/299      6.7G   0.01475  0.005556         0    0.0203        47       640    0.9407         1    0.9953    0.8041   0.01509  0.004854         0
   262/299      6.7G    0.0151  0.005634         0   0.02073        43       640    0.9424         1    0.9952    0.7889   0.01616  0.004943         0
   263/299      6.7G   0.01663  0.005931         0   0.02256        54       640    0.9708    0.9831    0.9931    0.7825   0.01627  0.005079         0
   264/299      6.7G   0.01506  0.005568         0   0.02063        35       640    0.9769         1    0.9952    0.7916   0.01549  0.004899         0
   265/299      6.7G   0.01589  0.005358         0   0.02125        41       640    0.9316         1    0.9953    0.8213   0.01428  0.004746         0
   266/299      6.7G   0.01608  0.005524         0   0.02161        48       640    0.9359         1    0.9953      0.82   0.01425  0.004677         0
   267/299      6.7G   0.01455  0.005304         0   0.01985        48       640    0.9824         1    0.9954    0.8248   0.01394  0.004662         0
   268/299      6.7G   0.01483  0.004943         0   0.01977        35       640    0.9707         1    0.9954    0.8051   0.01555  0.004908         0
   269/299      6.7G   0.01495  0.005619         0   0.02056        49       640    0.9588         1    0.9954    0.8237   0.01488  0.004812         0
   270/299      6.7G    0.0139   0.00501         0   0.01891        41       640    0.9491         1    0.9953    0.8294   0.01411  0.004654         0
   271/299      6.7G   0.01503  0.005081         0   0.02011        42       640    0.8544         1    0.9953    0.8195   0.01456   0.00485         0
   272/299      6.7G   0.01386  0.005622         0   0.01949        45       640     0.856         1    0.9953    0.8126   0.01479  0.004807         0
   273/299      6.7G    0.0141   0.00517         0   0.01927        38       640    0.9297         1    0.9953     0.811   0.01479  0.004676         0
   274/299      6.7G   0.01415  0.005143         0   0.01929        37       640    0.9717         1    0.9953    0.8208   0.01417  0.004586         0
   275/299      6.7G   0.01534  0.005553         0    0.0209        37       640    0.9707         1    0.9953     0.812   0.01437  0.004651         0
   276/299      6.7G   0.01538  0.005082         0   0.02046        43       640    0.9696         1    0.9953    0.8171   0.01442  0.004683         0
   277/299      6.7G   0.01545  0.005342         0   0.02079        39       640    0.9774         1    0.9953    0.7857   0.01462  0.004789         0
   278/299      6.7G   0.01478  0.005237         0   0.02002        45       640    0.9735         1    0.9953    0.7848   0.01472  0.004752         0
   279/299      6.7G   0.01484  0.005276         0   0.02012        46       640    0.9804         1    0.9953    0.8105   0.01419  0.004627         0
   280/299      6.7G   0.01459  0.005841         0   0.02043        56       640    0.9362         1    0.9953    0.7971   0.01452  0.004709         0
   281/299      6.7G   0.01462  0.005628         0   0.02025        55       640    0.8668         1    0.9953    0.8012   0.01438  0.004793         0
   282/299      6.7G   0.01462   0.00533         0   0.01995        39       640    0.8671         1    0.9953    0.8056   0.01462  0.004836         0
   283/299      6.7G   0.01494  0.005138         0   0.02008        44       640    0.8866         1    0.9953    0.8037   0.01469  0.004802         0
   284/299      6.7G   0.01378  0.004655         0   0.01844        42       640    0.9531         1    0.9953    0.7817   0.01588  0.004789         0
   285/299      6.7G   0.01477  0.005089         0   0.01986        44       640    0.9554         1    0.9953    0.7888   0.01524  0.004685         0
   286/299      6.7G   0.01665  0.005206         0   0.02185        45       640    0.9263         1    0.9953    0.8141   0.01415  0.004648         0
   287/299      6.7G   0.01377  0.004759         0   0.01853        34       640    0.8984         1    0.9953    0.8373   0.01356  0.004636         0
   288/299      6.7G   0.01386  0.004743         0   0.01861        39       640    0.9349         1    0.9953    0.8307     0.014  0.004686         0
   289/299      6.7G   0.01554  0.005449         0   0.02099        41       640    0.9599         1    0.9953    0.8117   0.01377  0.004648         0
   290/299      6.7G   0.01533  0.005223         0   0.02055        44       640    0.9796         1    0.9953    0.8086   0.01426  0.004733         0
   291/299      6.7G   0.01501  0.005504         0   0.02051        47       640    0.9834         1    0.9954    0.8173   0.01436  0.004753         0
   292/299      6.7G   0.01359  0.004739         0   0.01833        41       640    0.9617         1    0.9953    0.8256   0.01419  0.004658         0
   293/299      6.7G   0.01402  0.005079         0    0.0191        43       640    0.9675         1    0.9953    0.8242   0.01383  0.004625         0
   294/299      6.7G   0.01424  0.005478         0   0.01971        44       640    0.9589         1    0.9953    0.8123   0.01351  0.004606         0
   295/299      6.7G   0.01482  0.004773         0    0.0196        37       640    0.9572         1    0.9953    0.8135   0.01379  0.004616         0
   296/299      6.7G   0.01532  0.005497         0   0.02082        42       640    0.8875         1    0.9953    0.8099    0.0137  0.004616         0
   297/299      6.7G   0.01455  0.005336         0   0.01989        47       640    0.9512         1    0.9954    0.8284   0.01341  0.004533         0
   298/299      6.7G   0.01377  0.005199         0   0.01897        42       640    0.9834         1    0.9954    0.8369   0.01323  0.004494         0
   299/299      6.7G   0.01407  0.004774         0   0.01884        41       640    0.9694         1    0.9954    0.8275   0.01362   0.00454         0
